Date/Time	Green Algae	Bluegreen	Diatoms	Cryptophyta	#5	#6	#7	Yellow substances	Total conc.	Transmission	Depth	Temp. Sample	Green Algae	Bluegreen	Diatoms	Cryptophyta	#5	#6	#7	Yellow substances	Total cell count	Trans. 700 nm	LED 3 [525 nm]	LED 4 [570 nm]	LED 5 [610 nm]	LED 6 [370 nm]	LED 7 [590 nm]	LED 8 [470 nm]	Pressure	Temp. LEDs	Temp. Sensor
date	µg/l	µg/l	µg/l	µg/l	µg/l	µg/l	µg/l	r.u.	µg/l	%	m	°C	cells/ml	cells/ml	cells/ml	cells/ml	cells/ml	cells/ml	cells/ml	r.u.	cells/ml	digits	digits	digits	digits	digits	digits	digits	bar	°C	°C
5/16/2023 12:36:45	0.00	2.06	0.00	0.00	0.00	0.00	0.00	0.00	2.06	97.24	0.00	22.22	0	2056	0	0	0	0	0	0	2056	246.62	-7.74	0.58	9.79	-4.97	8.28	4.24	0.96	23.61	23.91
5/16/2023 12:36:48	0.00	3.73	0.00	0.00	0.00	0.00	0.00	0.00	3.73	95.73	0.00	22.33	0	3728	0	0	0	0	0	0	3728	242.80	-3.31	7.31	10.90	2.27	12.86	-3.95	0.96	23.69	23.94
5/16/2023 12:36:51	0.00	1.29	0.00	0.42	0.00	0.00	0.00	0.00	1.72	100.00	0.00	22.34	0	1292	0	13	0	0	0	0	1305	271.20	-3.47	-5.34	0.33	-5.89	17.91	4.72	0.96	23.78	23.94
5/16/2023 12:36:54	0.00	0.00	0.00	0.44	0.00	0.00	0.00	0.00	0.44	100.00	-0.00	22.35	0	0	0	13	0	0	0	0	13	259.84	-1.01	16.61	-0.97	2.60	5.32	-4.96	0.96	23.84	23.96
5/16/2023 12:36:57	0.00	3.66	0.00	0.00	0.00	0.00	0.00	0.00	3.66	100.00	0.00	22.36	0	3660	0	0	0	0	0	0	3660	254.24	3.01	-0.95	9.38	-1.75	15.77	-10.72	0.96	23.90	23.93
5/16/2023 12:37:00	0.02	1.69	0.00	1.52	0.00	0.00	0.00	0.00	3.24	100.00	-0.00	22.38	12	1694	0	46	0	0	0	0	1752	264.90	-0.18	1.23	4.82	2.30	16.36	3.93	0.96	23.95	24.06
5/16/2023 12:37:03	0.00	0.00	0.00	0.00	0.00	0.00	0.00	0.00	0.00	95.88	0.00	22.42	0	0	0	0	0	0	0	0	0	243.16	-9.58	-9.94	-2.77	-6.74	4.48	-4.17	0.96	24.01	24.09
5/16/2023 12:37:06	0.82	4.53	0.00	0.00	0.00	0.00	0.00	0.12	5.35	99.24	0.01	22.48	437	4529	0	0	0	0	0	0	4966	251.70	-1.81	-6.78	20.46	5.43	9.29	2.42	0.96	24.06	23.94
5/16/2023 12:37:09	0.00	5.06	0.00	0.00	0.00	0.00	0.00	0.00	5.06	100.00	0.02	22.52	0	5058	0	0	0	0	0	0	5058	262.76	-2.01	-2.45	17.97	0.53	14.14	-6.59	0.96	24.13	24.04
5/16/2023 12:37:12	0.00	6.30	0.00	0.00	0.00	0.00	0.00	0.00	6.30	100.00	0.02	22.47	0	6297	0	0	0	0	0	0	6297	254.66	5.85	7.04	25.12	-11.42	11.89	-3.59	0.96	24.20	24.12
5/16/2023 12:37:15	0.00	2.80	0.00	0.00	0.00	0.00	0.00	0.00	2.80	92.08	0.02	22.43	0	2803	0	0	0	0	0	0	2803	233.55	-8.57	-7.62	17.22	2.42	3.80	-2.29	0.96	24.23	24.11
5/16/2023 12:37:18	0.00	1.52	1.59	0.00	0.00	0.00	0.00	0.00	3.11	100.00	0.02	22.42	0	1521	715	0	0	0	0	0	2236	253.85	8.57	-19.91	10.06	-3.16	8.38	5.64	0.96	24.26	24.09
5/16/2023 12:37:21	0.00	4.54	0.00	0.00	0.00	0.00	0.00	0.00	4.54	100.00	0.03	22.47	0	4538	0	0	0	0	0	0	4538	253.70	6.15	-1.07	12.07	-1.19	16.64	-6.74	0.96	24.31	24.09
5/16/2023 12:37:24	0.00	4.21	0.00	0.00	0.00	0.00	0.00	0.00	4.21	100.00	0.01	22.50	0	4209	0	0	0	0	0	0	4209	255.42	-1.37	13.09	6.72	-8.51	21.75	-1.47	0.96	24.36	24.11
5/16/2023 12:37:27	7.86	0.39	0.00	0.00	0.00	0.00	0.00	0.00	8.25	100.00	0.01	22.50	4165	390	0	0	0	0	0	0	4554	265.62	-5.05	-3.21	0.64	7.37	19.33	18.69	0.96	24.40	24.11
5/16/2023 12:37:30	2.64	2.98	0.00	0.00	0.00	0.00	0.00	0.00	5.62	100.00	0.03	22.54	1401	2980	0	0	0	0	0	0	4381	260.46	-1.50	-7.89	15.73	-3.47	10.44	11.51	0.96	24.44	24.20
5/16/2023 12:37:33	0.00	5.11	0.00	0.00	0.00	0.00	0.00	0.00	5.11	100.00	0.02	22.56	0	5114	0	0	0	0	0	0	5114	267.57	-9.88	-4.43	20.08	6.18	12.87	-13.22	0.96	24.47	24.19
5/16/2023 12:37:36	0.00	3.75	0.00	0.00	0.00	0.00	0.00	0.83	3.75	97.44	-0.01	22.52	0	3751	0	0	0	0	0	0	3751	247.13	-4.62	2.82	9.47	12.89	17.38	4.52	0.96	24.52	24.15
5/16/2023 12:37:39	0.52	1.03	0.00	0.00	0.00	0.00	0.00	0.22	1.56	100.00	0.02	22.50	278	1033	0	0	0	0	0	0	1311	253.86	-13.69	1.07	3.87	5.31	10.35	2.56	0.96	24.55	24.23
5/16/2023 12:37:42	0.00	3.96	0.00	0.00	0.00	0.00	0.00	0.00	3.96	95.31	0.02	22.39	0	3955	0	0	0	0	0	0	3955	241.74	-11.68	5.14	12.48	5.41	13.99	-9.98	0.96	24.57	24.23
5/16/2023 12:37:44	0.00	5.37	0.00	2.13	0.00	0.00	0.00	0.00	7.50	95.92	-0.00	22.26	0	5366	0	64	0	0	0	0	5430	243.26	0.03	8.72	15.31	-0.14	26.89	8.90	0.96	24.62	24.27
5/16/2023 12:37:48	0.00	4.09	0.00	0.00	0.00	0.00	0.00	0.00	4.09	100.00	0.01	22.20	0	4086	0	0	0	0	0	0	4086	266.82	-8.30	0.63	15.38	-9.64	14.89	-5.07	0.96	24.65	24.23
5/16/2023 12:37:51	0.00	1.71	0.00	0.00	0.00	0.00	0.00	0.00	1.71	99.17	0.01	22.23	0	1714	0	0	0	0	0	0	1714	251.52	-27.79	-7.75	17.14	-0.37	2.67	-6.31	0.96	24.68	24.28
5/16/2023 12:37:53	0.00	1.68	0.00	0.00	0.00	0.00	0.00	0.00	1.68	100.00	0.01	22.24	0	1681	0	0	0	0	0	0	1681	262.43	-4.49	-2.43	6.62	-1.95	9.32	-2.46	0.96	24.71	24.22
5/16/2023 12:37:56	0.00	0.00	0.00	0.00	0.00	0.00	0.00	0.00	0.00	100.00	0.01	22.24	0	0	0	0	0	0	0	0	0	257.55	6.15	15.45	-4.82	2.04	-0.21	-10.26	0.96	24.73	24.32
5/16/2023 12:37:59	0.00	5.77	0.00	1.27	0.00	0.00	0.00	0.00	7.05	100.00	0.02	22.24	0	5773	0	38	0	0	0	0	5811	264.80	13.14	6.70	12.25	-9.10	28.70	-0.90	0.96	24.77	24.28
5/16/2023 12:38:03	0.00	5.42	0.00	1.22	0.00	0.00	0.00	0.00	6.64	100.00	0.01	22.27	0	5420	0	37	0	0	0	0	5456	256.60	18.75	15.86	21.58	-6.56	11.44	-1.84	0.96	24.81	24.32
5/16/2023 12:38:05	0.00	1.03	0.00	0.00	0.00	0.00	0.00	0.00	1.03	100.00	0.01	22.33	0	1029	0	0	0	0	0	0	1029	263.85	3.76	10.68	6.96	-4.23	1.69	-12.95	0.96	24.82	24.33
5/16/2023 12:38:08	0.10	0.77	0.00	2.07	0.00	0.00	0.00	0.00	2.94	94.92	0.02	22.36	53	773	0	62	0	0	0	0	888	240.74	3.43	3.59	7.71	-0.02	9.59	7.08	0.96	24.86	24.36
5/16/2023 12:38:11	0.00	0.00	0.00	5.32	0.00	0.00	0.00	0.00	5.32	100.00	0.01	22.41	0	0	0	160	0	0	0	0	160	254.78	17.31	8.44	3.20	-10.93	21.21	16.00	0.96	24.88	24.36
5/16/2023 12:38:14	0.00	0.00	0.00	0.00	0.00	0.00	0.00	0.00	0.00	100.00	0.02	22.47	0	0	0	0	0	0	0	0	0	261.38	-3.39	-2.30	-5.98	1.45	6.72	-12.56	0.96	24.89	24.36
5/16/2023 12:38:17	0.00	2.43	0.00	0.47	0.00	0.00	0.00	0.00	2.90	100.00	0.01	22.49	0	2427	0	14	0	0	0	0	2441	263.59	-10.09	10.03	7.92	-21.15	17.29	17.29	0.96	24.93	24.36
5/16/2023 12:38:20	0.00	2.99	0.00	0.00	0.00	0.00	0.00	0.03	2.99	100.00	-0.00	22.49	0	2993	0	0	0	0	0	0	2993	277.30	-2.82	-0.85	2.71	4.96	19.67	-7.23	0.96	24.96	24.38
5/16/2023 12:38:23	0.00	0.00	0.00	0.00	0.00	0.00	0.00	0.06	0.00	9.72	0.01	22.54	0	0	0	0	0	0	0	0	0	24.73	3.51	-0.67	-0.63	0.42	-0.25	-1.26	0.96	24.97	24.38
5/16/2023 12:38:26	0.00	1.08	0.00	0.00	0.00	0.00	0.00	0.00	1.08	88.76	0.00	22.61	0	1084	0	0	0	0	0	0	1084	225.13	-12.37	12.43	9.22	-11.05	3.80	-2.83	0.96	25.01	24.40
5/16/2023 12:38:29	0.00	6.74	0.00	0.00	0.00	0.00	0.00	0.30	6.74	88.14	0.00	22.59	0	6738	0	0	0	0	0	0	6738	223.55	4.79	-6.50	18.88	8.40	21.57	-2.11	0.96	25.03	24.41
5/16/2023 12:38:32	0.00	0.00	0.00	0.00	0.00	0.00	0.00	0.00	0.00	63.13	0.00	22.56	0	0	0	0	0	0	0	0	0	160.14	-0.00	-0.43	-9.33	-8.81	2.25	0.44	0.96	25.04	24.49
5/16/2023 12:38:35	0.00	0.00	0.00	0.00	0.00	0.00	0.00	0.00	0.00	97.36	0.00	22.58	0	0	0	0	0	0	0	0	0	246.91	-9.86	-6.31	3.85	-1.57	4.73	-8.93	0.96	25.07	24.44
5/16/2023 12:38:38	0.00	0.00	0.00	0.00	0.00	0.00	0.00	0.13	0.00	79.23	0.01	22.56	0	0	0	0	0	0	0	0	0	200.97	-20.95	3.09	2.72	6.49	1.46	-3.61	0.96	25.09	24.46
5/16/2023 12:38:41	0.00	1.15	0.00	0.00	0.00	0.00	0.00	0.70	1.15	77.29	-0.00	22.55	0	1154	0	0	0	0	0	0	1154	196.04	-2.78	-5.41	5.60	10.92	8.13	0.56	0.96	25.12	24.46
5/16/2023 12:38:44	0.00	0.00	0.91	0.64	0.00	0.00	0.00	0.00	1.54	97.25	-0.01	22.50	0	0	408	19	0	0	0	0	427	246.64	2.55	3.12	1.36	-1.88	5.52	6.19	0.96	25.14	24.49
5/16/2023 12:38:47	0.00	0.00	0.00	0.00	0.00	0.00	0.00	0.00	0.00	100.00	0.01	22.44	0	0	0	0	0	0	0	0	0	256.08	-20.13	2.24	-2.44	-6.25	11.52	4.56	0.96	25.17	24.52
5/16/2023 12:38:50	0.00	3.80	0.00	0.00	0.00	0.00	0.00	0.00	3.80	96.20	0.00	22.45	0	3801	0	0	0	0	0	0	3801	243.99	8.14	21.68	23.65	-0.90	-6.72	-5.21	0.96	25.18	24.54
5/16/2023 12:38:53	7.15	3.57	0.00	0.00	0.00	0.00	0.00	0.00	10.72	100.00	0.01	22.46	3789	3574	0	0	0	0	0	0	7364	286.80	-2.08	3.83	25.17	7.19	4.86	18.64	0.96	25.20	24.56
5/16/2023 12:38:56	1.81	0.00	0.00	0.00	0.00	0.00	0.00	0.00	1.81	27.80	0.01	22.44	959	0	0	0	0	0	0	0	959	70.57	-3.45	3.49	2.63	-4.62	-7.45	11.63	0.96	25.23	24.52
5/16/2023 12:38:59	0.00	0.00	0.00	0.00	0.00	0.00	0.00	0.00	0.00	15.64	0.01	22.47	0	0	0	0	0	0	0	0	0	39.74	-2.72	-1.46	0.69	-1.32	-7.82	-5.67	0.96	25.24	24.59
5/16/2023 12:39:02	2.54	0.52	0.00	0.00	0.00	0.00	0.00	0.00	3.06	63.58	0.01	22.47	1344	523	0	0	0	0	0	0	1868	161.28	-3.69	-0.68	3.59	-3.60	9.93	10.03	0.96	25.25	24.52
5/16/2023 12:39:05	0.00	2.15	3.35	0.00	0.00	0.00	0.00	0.00	5.50	53.33	0.01	22.50	0	2151	1508	0	0	0	0	0	3659	135.29	21.62	1.67	17.53	-11.67	1.79	12.12	0.96	25.28	24.54
5/16/2023 12:39:08	0.00	0.00	0.86	0.00	0.00	0.00	0.00	0.00	0.86	56.57	0.00	22.52	0	0	387	0	0	0	0	0	387	143.50	13.09	-17.57	3.73	-2.20	-11.63	1.95	0.96	25.28	24.59
5/16/2023 12:39:11	0.00	2.60	0.00	0.00	0.00	0.00	0.00	0.33	2.60	88.27	-0.00	22.52	0	2597	0	0	0	0	0	0	2597	223.87	12.56	-15.13	12.73	11.99	4.73	-15.95	0.96	25.30	24.56
5/16/2023 12:39:14	0.00	1.10	0.00	0.00	0.00	0.00	0.00	0.00	1.10	95.22	0.01	22.51	0	1102	0	0	0	0	0	0	1102	241.49	-17.17	-12.61	17.96	-19.90	1.00	8.20	0.96	25.34	24.62
5/16/2023 12:39:17	0.00	0.00	2.15	0.00	0.00	0.00	0.00	0.00	2.15	86.43	0.01	22.48	0	0	965	0	0	0	0	0	965	219.20	7.88	-13.17	7.08	-5.51	-0.27	9.78	0.96	25.34	24.61
5/16/2023 12:39:20	0.00	4.63	1.38	0.00	0.00	0.00	0.00	0.00	6.01	92.22	0.01	22.47	0	4630	620	0	0	0	0	0	5251	233.90	8.15	6.85	21.12	1.36	6.37	3.46	0.96	25.37	24.59
5/16/2023 12:39:23	5.72	0.37	0.00	0.00	0.00	0.00	0.00	0.07	6.09	95.19	0.00	22.40	3034	370	0	0	0	0	0	0	3404	241.41	-8.53	1.72	3.51	10.18	11.92	11.81	0.96	25.38	24.64
5/16/2023 12:39:26	0.38	4.12	0.00	0.00	0.00	0.00	0.00	0.44	4.50	79.71	0.15	18.09	199	4120	0	0	0	0	0	0	4319	202.17	-0.38	1.97	15.69	8.15	10.93	3.31	0.97	25.39	24.65
5/16/2023 12:39:29	0.00	1.24	2.50	0.00	0.00	0.00	0.00	0.12	3.74	100.00	0.31	13.23	0	1235	1127	0	0	0	0	0	2362	302.32	10.63	-1.45	10.85	7.13	2.02	3.29	0.99	25.40	24.59
5/16/2023 12:39:32	0.00	1.65	0.00	0.59	0.00	0.00	0.00	0.76	2.25	100.00	0.28	12.98	0	1653	0	18	0	0	0	0	1671	331.45	4.17	3.41	3.54	12.37	13.20	1.28	0.99	25.40	24.62
5/16/2023 12:39:35	0.00	1.13	0.00	2.48	0.00	0.00	0.00	0.00	3.61	100.00	0.30	13.07	0	1128	0	74	0	0	0	0	1203	327.12	11.04	9.41	10.98	-2.01	7.35	4.69	0.99	25.38	24.65
5/16/2023 12:39:38	0.00	0.99	0.00	0.67	0.00	0.00	0.00	0.34	1.66	100.00	0.29	13.09	0	994	0	20	0	0	0	0	1014	259.80	4.33	3.51	6.07	5.85	5.99	1.18	0.99	25.33	24.65
5/16/2023 12:39:41	2.60	0.00	0.00	0.00	0.00	0.00	0.00	0.26	2.60	100.00	0.27	12.97	1378	0	0	0	0	0	0	0	1378	310.25	-2.35	3.32	0.26	6.31	2.72	8.17	0.98	25.33	24.65
5/16/2023 12:39:44	4.51	0.09	0.00	0.00	0.00	0.00	0.00	0.49	4.60	100.00	0.28	12.91	2390	88	0	0	0	0	0	0	2478	317.85	-0.20	2.53	5.94	12.70	4.94	11.55	0.99	25.31	24.70
5/16/2023 12:39:47	0.00	0.00	0.00	3.00	0.00	0.00	0.00	1.19	3.00	100.00	0.29	12.91	0	0	0	90	0	0	0	0	90	327.68	11.78	-4.36	-8.06	17.11	18.64	16.25	0.99	25.28	24.69
5/16/2023 12:39:50	1.09	0.00	0.00	3.27	0.00	0.00	0.00	0.20	4.35	100.00	0.32	12.80	576	0	0	98	0	0	0	0	674	329.20	6.39	8.03	7.38	9.04	9.95	10.68	0.99	25.28	24.69
5/16/2023 12:39:53	0.00	0.97	0.00	2.91	0.00	0.00	0.00	1.32	3.88	100.00	0.31	12.72	0	972	0	87	0	0	0	0	1059	329.36	5.13	-0.48	2.45	21.71	23.01	13.23	0.99	25.27	24.67
5/16/2023 12:39:55	0.00	3.16	0.00	0.00	0.00	0.00	0.00	1.60	3.16	100.00	0.32	12.65	0	3158	0	0	0	0	0	0	3158	331.36	-1.03	-0.60	12.21	24.17	11.73	4.55	0.99	25.23	24.67
5/16/2023 12:39:58	0.00	0.00	3.89	0.00	0.00	0.00	0.00	0.00	3.89	100.00	0.30	12.66	0	0	1751	0	0	0	0	0	1751	329.03	6.97	-1.77	-0.78	3.62	8.15	11.63	0.99	25.23	24.72
5/16/2023 12:40:02	0.00	0.00	0.00	0.66	0.00	0.00	0.00	1.10	0.66	99.89	0.26	12.81	0	0	0	20	0	0	0	0	20	253.33	5.08	3.22	-8.48	12.52	8.71	10.53	0.98	25.18	24.73
5/16/2023 12:40:05	0.00	0.00	1.36	0.45	0.00	0.00	0.00	0.32	1.81	100.00	0.27	12.67	0	0	611	13	0	0	0	0	625	266.05	7.09	3.07	2.57	7.04	3.68	4.06	0.98	25.18	24.69
5/16/2023 12:40:07	0.00	0.11	0.00	4.09	0.00	0.00	0.00	0.24	4.20	100.00	0.30	12.63	0	109	0	123	0	0	0	0	232	324.34	12.94	2.29	7.72	9.94	12.69	7.37	0.99	25.17	24.73
5/16/2023 12:40:10	0.00	0.00	2.22	0.00	0.00	0.00	0.00	1.21	2.22	100.00	0.32	12.44	0	0	999	0	0	0	0	0	999	327.79	9.31	2.12	6.41	19.10	0.66	10.57	0.99	25.12	24.70
5/16/2023 12:40:13	1.48	0.00	0.00	4.32	0.00	0.00	0.00	0.00	5.80	100.00	0.31	12.48	785	0	0	130	0	0	0	0	914	340.62	8.20	1.53	0.58	4.64	19.35	16.60	0.99	25.09	24.70
5/16/2023 12:40:16	2.40	0.70	0.00	0.00	0.00	0.00	0.00	0.59	3.10	100.00	0.31	12.53	1272	695	0	0	0	0	0	0	1968	333.31	-7.49	7.11	7.19	12.16	4.96	8.23	0.99	25.06	24.73
5/16/2023 12:40:19	0.00	1.54	0.00	0.00	0.00	0.00	0.00	0.40	1.54	100.00	0.28	12.71	0	1537	0	0	0	0	0	0	1537	327.05	2.20	2.22	8.05	5.56	4.48	1.08	0.99	25.02	24.70
5/16/2023 12:40:22	0.00	2.58	0.00	0.00	0.00	0.00	0.00	1.11	2.58	73.22	0.23	12.94	0	2584	0	0	0	0	0	0	2584	185.73	-1.62	3.27	10.89	15.96	8.81	5.41	0.98	24.99	24.69
5/16/2023 12:40:25	0.00	0.00	0.00	0.00	0.00	0.00	0.00	0.43	0.00	82.07	0.23	12.86	0	0	0	0	0	0	0	0	0	208.16	5.69	1.51	6.93	7.59	-10.31	-3.50	0.98	24.97	24.67
5/16/2023 12:40:28	2.37	0.00	0.00	0.00	0.00	0.00	0.00	0.45	2.37	100.00	0.23	12.78	1257	0	0	0	0	0	0	0	1257	266.74	-2.06	7.70	6.70	9.24	-1.41	7.49	0.98	24.94	24.72
5/16/2023 12:40:31	4.22	0.00	0.00	0.00	0.00	0.00	0.00	0.00	4.22	67.83	0.22	12.73	2235	0	0	0	0	0	0	0	2235	172.07	-6.04	0.89	4.68	-0.84	-0.55	15.45	0.98	24.87	24.67
5/16/2023 12:40:34	0.00	0.42	2.29	0.00	0.00	0.00	0.00	0.00	2.72	100.00	0.25	12.60	0	425	1031	0	0	0	0	0	1455	307.04	4.48	-6.61	4.99	3.26	6.53	5.54	0.98	24.85	24.72
5/16/2023 12:40:37	0.00	0.00	0.79	2.08	0.00	0.00	0.00	0.00	2.86	100.00	0.24	12.49	0	0	355	62	0	0	0	0	417	293.68	7.82	6.87	3.05	3.56	6.69	5.88	0.98	24.82	24.69
5/16/2023 12:40:40	5.04	2.40	0.00	0.00	0.00	0.00	0.00	0.00	7.45	100.00	0.23	12.48	2674	2402	0	0	0	0	0	0	5075	314.82	0.55	-1.28	10.72	5.22	13.25	12.10	0.98	24.77	24.69
5/16/2023 12:40:43	0.00	0.00	3.44	0.00	0.00	0.00	0.00	0.00	3.44	100.00	0.23	12.47	0	0	1547	0	0	0	0	0	1547	332.74	6.72	9.64	7.27	4.60	-4.41	9.10	0.98	24.74	24.67
5/16/2023 12:40:46	8.42	0.00	0.00	0.00	0.00	0.00	0.00	0.36	8.42	100.00	0.23	12.45	4462	0	0	0	0	0	0	0	4462	328.64	0.84	10.81	3.63	16.35	3.92	20.31	0.98	24.68	24.62
5/16/2023 12:40:49	1.53	2.15	0.43	1.75	0.00	0.00	0.00	0.86	5.87	100.00	0.23	12.41	812	2150	195	53	0	0	0	0	3210	336.49	6.96	8.34	12.98	17.38	11.28	13.11	0.98	24.63	24.64
5/16/2023 12:40:52	0.00	1.81	1.99	0.93	0.00	0.00	0.00	0.91	4.73	100.00	0.26	12.37	0	1812	894	28	0	0	0	0	2734	319.47	13.22	0.76	10.49	17.66	9.65	8.95	0.98	24.57	24.64
5/16/2023 12:40:55	0.53	1.61	0.00	0.00	0.00	0.00	0.00	1.65	2.14	100.00	0.24	12.37	278	1615	0	0	0	0	0	0	1893	330.50	3.18	2.19	8.60	21.77	7.20	10.60	0.98	24.55	24.62
5/16/2023 12:40:58	0.00	0.00	1.19	0.00	0.00	0.00	0.00	1.16	1.19	100.00	0.23	12.46	0	0	536	0	0	0	0	0	536	308.22	7.42	-8.09	3.14	16.09	4.77	8.33	0.98	24.50	24.64
5/16/2023 12:41:01	0.00	0.00	0.00	3.27	0.00	0.00	0.00	0.08	3.27	100.00	0.23	12.44	0	0	0	98	0	0	0	0	98	296.52	9.32	2.65	5.18	6.06	10.77	6.00	0.98	24.43	24.57
5/16/2023 12:41:04	2.06	1.29	0.00	0.81	0.00	0.00	0.00	1.41	4.16	100.00	0.22	12.44	1093	1294	0	24	0	0	0	0	2411	305.27	3.58	1.45	6.02	22.10	13.66	14.17	0.98	24.37	24.54
5/16/2023 12:41:07	0.00	0.00	4.96	0.90	0.00	0.00	0.00	0.00	5.85	100.00	0.21	12.43	0	0	2231	27	0	0	0	0	2258	315.85	11.42	-0.77	3.90	7.51	10.05	15.15	0.98	24.34	24.61
5/16/2023 12:41:10	3.47	0.00	0.00	0.00	0.00	0.00	0.00	0.59	3.47	93.62	0.21	12.40	1837	0	0	0	0	0	0	0	1837	237.43	1.86	-4.75	3.18	11.41	1.78	11.75	0.98	24.29	24.54
5/16/2023 12:41:13	3.49	0.00	1.23	0.00	0.00	0.00	0.00	0.00	4.72	82.49	0.22	12.36	1848	0	553	0	0	0	0	0	2401	209.22	2.60	2.32	3.81	6.49	3.35	10.68	0.98	24.24	24.54
5/16/2023 12:41:16	0.00	0.00	1.12	0.00	0.00	0.00	0.00	0.87	1.12	79.45	0.20	12.36	0	0	502	0	0	0	0	0	502	201.51	5.84	2.51	-3.70	11.64	0.41	8.95	0.98	24.17	24.52
5/16/2023 12:41:19	1.69	1.99	1.62	0.00	0.00	0.00	0.00	0.21	5.30	100.00	0.20	12.40	896	1994	729	0	0	0	0	0	3619	307.30	4.59	-3.67	8.69	8.35	11.57	8.60	0.98	24.12	24.51
5/16/2023 12:41:22	0.96	0.00	2.25	0.00	0.00	0.00	0.00	0.25	3.21	100.00	0.20	12.43	508	0	1012	0	0	0	0	0	1520	306.00	4.01	1.51	5.83	7.75	-2.14	10.30	0.98	24.05	24.51
5/16/2023 12:41:25	0.00	0.00	0.00	0.00	0.00	0.00	0.00	1.48	0.00	100.00	0.20	12.42	0	0	0	0	0	0	0	0	0	268.80	1.18	-5.84	3.83	18.20	3.35	8.49	0.98	24.00	24.38
5/16/2023 12:41:28	0.00	0.45	4.65	1.98	0.00	0.00	0.00	0.00	7.08	100.00	0.20	12.43	0	446	2091	59	0	0	0	0	2597	324.12	18.48	1.62	11.31	6.95	8.43	15.33	0.98	23.95	24.41
5/16/2023 12:41:31	0.29	0.87	2.19	0.57	0.00	0.00	0.00	0.00	3.91	97.98	0.19	12.42	154	870	985	17	0	0	0	0	2026	248.50	4.20	3.97	7.74	2.88	6.84	8.89	0.98	23.89	24.36
5/16/2023 12:41:34	0.00	0.00	0.00	1.34	0.00	0.00	0.00	0.90	1.34	100.00	0.21	12.40	0	0	0	40	0	0	0	0	40	326.40	5.07	6.60	0.10	14.42	10.08	3.85	0.98	23.84	24.40
5/16/2023 12:41:37	1.57	0.00	0.12	0.00	0.00	0.00	0.00	1.23	1.69	100.00	0.20	12.36	831	0	55	0	0	0	0	0	886	335.58	4.03	-11.88	2.93	16.80	6.29	10.95	0.98	23.78	24.35
5/16/2023 12:41:39	0.00	0.00	0.00	1.31	0.00	0.00	0.00	1.50	1.31	100.00	0.22	12.37	0	0	0	39	0	0	0	0	39	316.96	5.85	4.23	3.04	20.44	7.84	10.75	0.98	23.73	24.33
5/16/2023 12:41:42	1.19	0.00	3.45	0.18	0.00	0.00	0.00	0.42	4.82	100.00	0.21	12.37	632	0	1552	5	0	0	0	0	2190	300.71	6.33	2.13	2.85	12.56	7.89	14.40	0.98	23.68	24.33
5/16/2023 12:41:46	0.00	0.00	3.09	0.00	0.00	0.00	0.00	0.65	3.09	100.00	0.21	12.32	0	0	1392	0	0	0	0	0	1392	254.27	8.15	-11.34	0.23	12.58	9.55	11.50	0.98	23.62	24.28
5/16/2023 12:41:49	0.00	2.37	2.15	0.00	0.00	0.00	0.00	0.21	4.52	100.00	0.20	12.32	0	2371	969	0	0	0	0	0	3340	281.19	11.82	-5.87	11.19	8.06	8.25	2.55	0.98	23.57	24.27
5/16/2023 12:41:51	0.00	0.66	0.00	0.23	0.00	0.00	0.00	1.84	0.89	100.00	0.20	12.32	0	658	0	7	0	0	0	0	665	288.89	5.91	0.71	0.78	24.51	11.58	6.79	0.98	23.52	24.25
5/16/2023 12:41:54	0.00	0.00	2.78	0.45	0.00	0.00	0.00	0.35	3.23	100.00	0.21	12.30	0	0	1252	14	0	0	0	0	1265	277.80	9.47	-0.21	4.47	9.96	5.59	7.67	0.98	23.47	24.22
5/16/2023 12:41:57	0.00	2.68	0.00	0.00	0.00	0.00	0.00	1.02	2.68	100.00	0.21	12.29	0	2683	0	0	0	0	0	0	2683	323.71	-0.05	0.66	12.65	15.05	7.18	3.97	0.98	23.41	24.22
5/16/2023 12:42:00	4.40	0.00	0.64	0.00	0.00	0.00	0.00	0.00	5.04	78.48	0.19	12.26	2333	0	287	0	0	0	0	0	2620	199.07	2.14	-4.56	3.09	3.90	7.59	12.61	0.98	23.35	24.15
5/16/2023 12:42:03	1.21	0.00	5.34	0.00	0.00	0.00	0.00	0.00	6.56	100.00	0.20	12.24	643	0	2404	0	0	0	0	0	3047	312.40	8.48	-3.89	8.43	8.02	5.85	17.93	0.98	23.29	24.09
5/16/2023 12:42:06	4.76	0.92	0.00	0.00	0.00	0.00	0.00	0.00	5.68	100.00	0.20	12.24	2523	917	0	0	0	0	0	0	3440	259.84	-4.45	-4.47	6.42	2.21	11.82	13.19	0.98	23.22	24.09
5/16/2023 12:42:09	0.79	0.82	0.00	1.90	0.00	0.00	0.00	0.00	3.51	100.00	0.18	12.24	420	823	0	57	0	0	0	0	1300	293.45	2.04	1.98	5.24	3.33	12.99	6.33	0.98	23.17	24.06
5/16/2023 12:42:12	0.00	0.89	0.00	0.96	0.00	0.00	0.00	0.59	1.85	100.00	0.19	12.27	0	892	0	29	0	0	0	0	921	274.90	2.99	3.55	5.70	9.03	8.04	4.91	0.98	23.15	24.04
5/16/2023 12:42:15	0.00	0.00	0.00	4.47	0.00	0.00	0.00	0.46	4.47	100.00	0.19	12.27	0	0	0	134	0	0	0	0	134	305.33	13.33	-3.00	1.16	11.86	18.64	12.45	0.98	23.07	24.01
5/16/2023 12:42:18	0.00	1.30	0.00	0.00	0.00	0.00	0.00	0.98	1.30	86.01	0.18	12.27	0	1303	0	0	0	0	0	0	1303	218.15	1.25	-3.23	7.96	16.67	5.01	-2.89	0.98	23.01	23.99
5/16/2023 12:42:21	2.71	0.57	0.00	0.00	0.00	0.00	0.00	0.56	3.28	99.19	0.20	12.26	1438	569	0	0	0	0	0	0	2006	251.57	-2.47	-1.08	9.54	11.56	2.32	8.47	0.98	22.98	23.93
5/16/2023 12:42:24	0.00	0.59	2.85	0.00	0.00	0.00	0.00	0.38	3.43	100.00	0.19	12.25	0	585	1282	0	0	0	0	0	1867	314.42	7.30	-3.33	8.46	9.85	3.54	8.29	0.98	22.90	23.91
5/16/2023 12:42:27	0.00	2.53	0.00	0.00	0.00	0.00	0.00	0.74	2.53	100.00	0.18	12.26	0	2529	0	0	0	0	0	0	2529	263.74	3.14	2.10	12.56	10.87	5.05	2.69	0.98	22.86	23.91
5/16/2023 12:42:30	0.00	0.00	0.64	0.00	0.00	0.00	0.00	0.99	0.64	81.63	0.18	12.23	0	0	287	0	0	0	0	0	287	207.05	5.17	4.66	-3.35	12.36	-0.71	8.37	0.98	22.82	23.90
5/16/2023 12:42:33	0.22	0.00	0.00	2.10	0.00	0.00	0.00	0.91	2.33	100.00	0.19	12.27	119	0	0	63	0	0	0	0	182	281.35	8.02	-1.15	-1.69	13.32	11.91	12.16	0.98	22.77	23.86
5/16/2023 12:42:36	3.08	1.12	0.00	0.00	0.00	0.00	0.00	0.48	4.20	100.00	0.19	12.25	1632	1119	0	0	0	0	0	0	2751	268.48	0.81	2.37	5.85	10.62	9.00	8.67	0.98	22.70	23.85
5/16/2023 12:42:39	0.00	0.00	1.73	0.97	0.00	0.00	0.00	0.88	2.70	100.00	0.19	12.24	0	0	781	29	0	0	0	0	810	325.27	7.58	-3.66	3.04	14.94	10.03	11.01	0.98	22.65	23.82
5/16/2023 12:42:42	0.00	0.00	0.00	1.19	0.00	0.00	0.00	1.15	1.19	100.00	0.18	12.24	0	0	0	36	0	0	0	0	36	301.07	5.48	1.25	-0.67	15.60	9.74	8.75	0.98	22.63	23.77
5/16/2023 12:42:45	0.00	0.00	5.19	0.00	0.00	0.00	0.00	0.13	5.19	100.00	0.19	12.26	0	0	2335	0	0	0	0	0	2335	261.94	8.82	-0.22	-0.25	9.87	9.52	14.34	0.98	22.55	23.69
5/16/2023 12:42:48	4.22	1.41	0.00	0.00	0.00	0.00	0.00	1.18	5.63	100.00	0.18	12.26	2238	1413	0	0	0	0	0	0	3650	328.64	-3.10	-8.96	14.06	22.49	6.27	15.47	0.98	22.50	23.69
5/16/2023 12:42:51	0.00	0.94	0.00	0.41	0.00	0.00	0.00	0.88	1.34	90.22	0.17	12.26	0	935	0	12	0	0	0	0	948	228.83	6.19	7.70	6.35	12.94	3.87	2.07	0.97	22.49	23.70
5/16/2023 12:42:54	0.00	0.29	0.66	0.18	0.00	0.00	0.00	0.96	1.12	100.00	0.22	12.25	0	289	296	5	0	0	0	0	590	324.17	5.63	-1.82	3.56	13.16	6.03	6.01	0.98	22.43	23.67
5/16/2023 12:42:57	4.69	0.11	0.00	0.00	0.00	0.00	0.00	0.55	4.80	100.00	0.20	12.25	2487	107	0	0	0	0	0	0	2594	267.23	-0.28	-2.60	10.61	14.02	0.64	12.27	0.98	22.38	23.61
5/16/2023 12:43:00	0.68	0.00	4.84	0.00	0.00	0.00	0.00	0.00	5.52	100.00	0.22	12.25	360	0	2177	0	0	0	0	0	2537	328.57	6.61	6.10	2.94	8.53	0.86	15.90	0.98	22.33	23.56
5/16/2023 12:43:03	0.00	0.52	1.84	0.00	0.00	0.00	0.00	0.79	2.37	100.00	0.22	12.25	0	524	829	0	0	0	0	0	1353	329.10	11.51	2.45	8.49	14.11	0.04	4.69	0.98	22.28	23.56
5/16/2023 12:43:06	0.82	0.88	5.34	0.00	0.00	0.00	0.00	0.00	7.04	100.00	0.22	12.23	434	882	2404	0	0	0	0	0	3719	323.80	8.61	-2.05	12.87	6.80	4.85	18.10	0.98	22.23	23.56
5/16/2023 12:43:09	0.00	0.00	0.00	1.57	0.00	0.00	0.00	0.87	1.57	100.00	0.22	12.22	0	0	0	47	0	0	0	0	47	326.88	4.82	1.87	-3.13	13.25	13.47	6.74	0.98	22.19	23.53
5/16/2023 12:43:11	0.24	0.00	4.06	0.00	0.00	0.00	0.00	0.00	4.30	100.00	0.22	12.24	126	0	1827	0	0	0	0	0	1953	325.25	4.94	-2.97	-2.44	1.34	11.14	15.80	0.98	22.15	23.49
5/16/2023 12:43:15	1.26	1.24	0.00	1.52	0.00	0.00	0.00	0.94	4.02	100.00	0.22	12.24	666	1245	0	46	0	0	0	0	1956	334.87	5.77	-0.87	7.25	15.98	13.23	11.34	0.98	22.09	23.41
5/16/2023 12:43:18	0.86	0.50	1.57	0.00	0.00	0.00	0.00	0.75	2.92	100.00	0.22	12.26	455	497	705	0	0	0	0	0	1658	324.99	4.72	-5.84	4.43	12.84	8.62	9.90	0.98	22.05	23.43
5/16/2023 12:43:20	0.00	0.00	5.69	0.00	0.00	0.00	0.00	0.83	5.69	100.00	0.22	12.25	0	0	2559	0	0	0	0	0	2559	325.07	13.51	-0.54	7.90	20.39	2.98	17.99	0.98	22.02	23.38
5/16/2023 12:43:23	0.00	0.00	3.69	0.00	0.00	0.00	0.00	0.31	3.69	100.00	0.20	12.25	0	0	1662	0	0	0	0	0	1662	322.50	12.25	6.81	0.52	10.52	2.73	8.15	0.98	21.97	23.36
5/16/2023 12:43:26	0.00	0.00	0.00	5.21	0.00	0.00	0.00	0.00	5.21	100.00	0.20	12.25	0	0	0	156	0	0	0	0	156	323.96	8.95	7.70	6.81	7.78	16.58	11.90	0.98	21.94	23.35
5/16/2023 12:43:29	0.00	0.30	2.41	1.74	0.00	0.00	0.00	0.36	4.45	100.00	0.22	12.22	0	298	1086	52	0	0	0	0	1435	325.58	7.94	4.44	7.33	11.33	8.76	11.91	0.98	21.89	23.35
5/16/2023 12:43:32	0.00	0.00	1.74	0.76	0.00	0.00	0.00	0.00	2.50	100.00	0.22	12.23	0	0	785	23	0	0	0	0	808	326.40	10.35	5.34	0.96	3.72	3.42	3.16	0.98	21.86	23.27
5/16/2023 12:43:35	0.46	0.25	0.00	0.00	0.00	0.00	0.00	0.67	0.70	100.00	0.21	12.22	242	247	0	0	0	0	0	0	490	328.66	1.25	-1.69	4.29	8.54	3.87	4.46	0.98	21.81	23.24
5/16/2023 12:43:38	0.00	0.25	0.00	0.00	0.00	0.00	0.00	0.46	0.25	100.00	0.22	12.23	0	252	0	0	0	0	0	0	252	328.45	-2.67	5.15	1.00	6.17	6.29	1.19	0.98	21.76	23.24
5/16/2023 12:43:41	0.00	0.00	0.00	0.30	0.00	0.00	0.00	0.61	0.30	100.00	0.21	12.22	0	0	0	9	0	0	0	0	9	280.44	3.43	5.46	-1.92	7.96	5.07	2.24	0.98	21.73	23.22
5/16/2023 12:43:44	0.00	0.00	4.12	0.86	0.00	0.00	0.00	0.00	4.98	100.00	0.20	12.25	0	0	1855	26	0	0	0	0	1881	265.20	9.04	4.69	6.15	5.80	6.11	13.28	0.98	21.69	23.22
5/16/2023 12:43:47	0.00	0.23	0.00	0.14	0.00	0.00	0.00	1.43	0.37	100.00	0.20	12.22	0	229	0	4	0	0	0	0	233	258.43	4.05	0.72	1.23	18.41	7.88	5.98	0.98	21.65	23.19
5/16/2023 12:43:50	0.00	0.00	0.00	0.82	0.00	0.00	0.00	0.52	0.82	100.00	0.25	12.22	0	0	0	25	0	0	0	0	25	324.88	3.60	4.21	-5.95	6.96	9.23	4.36	0.98	21.61	23.11
5/16/2023 12:43:53	3.46	0.57	1.57	0.00	0.00	0.00	0.00	0.53	5.61	100.00	0.78	12.20	1835	569	709	0	0	0	0	0	3112	324.13	5.00	0.42	9.13	14.39	4.70	13.75	1.03	21.56	23.06
5/16/2023 12:43:56	0.00	0.00	4.23	0.00	0.00	0.00	0.00	0.33	4.23	100.00	1.72	12.15	0	0	1905	0	0	0	0	0	1905	323.91	12.40	1.25	1.35	11.49	5.06	10.10	1.13	21.56	23.09
5/16/2023 12:43:59	0.00	0.65	5.39	0.40	0.00	0.00	0.00	0.00	6.43	100.00	2.62	12.13	0	647	2425	12	0	0	0	0	3084	328.23	10.90	5.26	8.91	10.40	6.42	13.37	1.21	21.50	23.03
5/16/2023 12:44:02	0.00	0.82	4.91	0.52	0.00	0.00	0.00	0.53	6.25	100.00	3.73	12.05	0	816	2210	16	0	0	0	0	3041	328.82	10.94	2.02	8.27	16.27	9.58	16.11	1.32	21.47	23.03
5/16/2023 12:44:05	2.33	0.00	2.78	1.26	0.00	0.00	0.00	0.75	6.36	100.00	4.73	11.98	1234	0	1250	38	0	0	0	0	2522	326.82	8.55	4.16	4.90	19.07	10.27	19.44	1.42	21.42	22.98
5/16/2023 12:44:08	3.29	0.33	3.91	0.00	0.00	0.00	0.00	0.68	7.53	100.00	5.68	11.91	1746	327	1758	0	0	0	0	0	3831	326.01	8.37	2.10	7.48	19.90	8.49	20.41	1.51	21.40	22.95
5/16/2023 12:44:11	4.40	0.00	3.30	1.09	0.00	0.00	0.00	0.54	8.79	100.00	6.82	11.83	2331	0	1484	33	0	0	0	0	3848	325.01	9.64	2.21	7.35	20.32	11.13	22.87	1.63	21.36	22.96
5/16/2023 12:44:14	1.01	0.00	5.53	0.56	0.00	0.00	0.00	0.57	7.10	100.00	7.98	11.72	535	0	2488	17	0	0	0	0	3040	326.91	10.76	1.89	6.38	18.69	9.64	20.81	1.74	21.31	22.90
5/16/2023 12:44:17	1.53	0.00	4.69	0.48	0.00	0.00	0.00	0.61	6.70	100.00	8.79	11.64	812	0	2110	15	0	0	0	0	2936	325.36	9.60	2.07	6.43	18.42	8.88	19.67	1.82	21.27	22.85
5/16/2023 12:44:20	0.93	0.00	4.76	0.39	0.00	0.00	0.00	0.62	6.08	100.00	9.63	11.11	492	0	2144	12	0	0	0	0	2647	325.41	9.30	2.17	6.09	17.59	8.31	18.48	1.90	21.24	22.83
5/16/2023 12:44:23	0.73	0.13	4.27	0.60	0.00	0.00	0.00	0.64	5.73	100.00	10.46	10.64	387	131	1920	18	0	0	0	0	2456	326.20	9.03	2.07	6.38	17.06	8.74	17.38	1.98	21.19	22.78
5/16/2023 12:44:26	1.17	0.00	3.72	0.89	0.00	0.00	0.00	0.63	5.78	100.00	11.05	10.57	618	0	1673	27	0	0	0	0	2317	325.91	8.87	2.12	6.14	17.07	9.10	17.50	2.04	21.16	22.78
5/16/2023 12:44:29	0.91	0.00	3.47	0.94	0.00	0.00	0.00	0.63	5.32	100.00	11.81	10.08	483	0	1563	28	0	0	0	0	2073	326.30	8.52	1.94	6.01	16.32	8.93	16.42	2.12	21.11	22.74
5/16/2023 12:44:32	0.55	0.00	2.01	1.34	0.00	0.00	0.00	0.72	3.90	100.00	12.85	8.68	293	0	904	40	0	0	0	0	1237	326.44	7.17	1.89	5.52	14.97	8.82	13.35	2.22	21.08	22.75
5/16/2023 12:44:35	0.10	0.00	2.01	1.35	0.00	0.00	0.00	0.76	3.47	100.00	13.56	8.12	54	0	905	41	0	0	0	0	1000	326.60	7.11	1.99	5.21	14.83	8.71	12.78	2.29	21.04	22.75
5/16/2023 12:44:38	0.27	0.00	1.89	1.43	0.00	0.00	0.00	0.74	3.60	100.00	14.27	7.83	142	0	852	43	0	0	0	0	1038	326.35	7.11	2.07	5.43	14.70	8.81	12.82	2.36	20.99	22.70
5/16/2023 12:44:41	0.00	0.03	1.41	1.46	0.00	0.00	0.00	0.79	2.91	100.00	15.22	7.39	0	33	634	44	0	0	0	0	712	326.77	6.53	1.84	5.18	14.10	8.55	11.31	2.45	20.95	22.69
5/16/2023 12:44:44	0.00	0.02	0.87	1.59	0.00	0.00	0.00	0.81	2.47	100.00	16.65	7.03	0	19	389	48	0	0	0	0	456	326.10	6.05	1.95	5.04	13.64	8.40	10.29	2.59	20.88	22.61
5/16/2023 12:44:47	0.00	0.02	0.99	1.61	0.00	0.00	0.00	0.80	2.61	100.00	18.13	6.88	0	20	445	48	0	0	0	0	513	326.14	6.24	1.96	5.13	13.74	8.52	10.59	2.73	20.83	22.66
5/16/2023 12:44:50	0.00	0.00	0.74	1.71	0.00	0.00	0.00	0.82	2.45	100.00	19.65	6.70	0	0	334	51	0	0	0	0	385	325.98	6.18	2.05	4.97	13.68	8.56	10.26	2.88	20.78	22.56
5/16/2023 12:44:53	0.00	0.00	0.46	1.72	0.00	0.00	0.00	0.82	2.18	100.00	21.01	6.46	0	0	205	52	0	0	0	0	257	325.70	5.76	2.01	4.78	13.26	8.44	9.60	3.02	20.73	22.56
5/16/2023 12:44:56	0.00	0.00	0.15	1.65	0.00	0.00	0.00	0.83	1.80	100.00	22.35	6.19	0	0	66	50	0	0	0	0	116	325.88	5.13	1.88	4.54	12.64	8.08	8.66	3.15	20.68	22.53
5/16/2023 12:44:59	0.00	0.01	0.00	1.62	0.00	0.00	0.00	0.82	1.63	100.00	23.86	5.77	0	9	0	49	0	0	0	0	57	326.04	4.84	1.79	4.52	12.27	7.90	8.11	3.30	20.63	22.45
5/16/2023 12:45:02	0.00	0.10	0.00	1.45	0.00	0.00	0.00	0.83	1.55	100.00	24.98	5.62	0	100	0	44	0	0	0	0	144	326.23	4.55	1.72	4.49	12.20	7.79	7.76	3.41	20.58	22.41
5/16/2023 12:45:05	0.00	0.14	0.00	1.38	0.00	0.00	0.00	0.84	1.52	100.00	25.91	5.50	0	143	0	41	0	0	0	0	184	325.75	4.38	1.69	4.47	12.14	7.78	7.61	3.50	20.52	22.40
5/16/2023 12:45:07	0.00	0.20	0.00	1.23	0.00	0.00	0.00	0.83	1.44	100.00	27.08	5.35	0	203	0	37	0	0	0	0	240	326.25	4.13	1.60	4.37	11.87	7.62	7.16	3.61	20.47	22.38
5/16/2023 12:45:10	0.00	0.21	0.00	1.14	0.00	0.00	0.00	0.82	1.36	100.00	28.16	5.22	0	214	0	34	0	0	0	0	248	326.28	3.96	1.48	4.22	11.70	7.51	6.88	3.72	20.43	22.41
5/16/2023 12:45:14	0.00	0.25	0.00	1.10	0.00	0.00	0.00	0.82	1.34	100.00	29.23	5.14	0	246	0	33	0	0	0	0	278	326.59	3.80	1.58	4.24	11.59	7.47	6.77	3.82	20.37	22.32
5/16/2023 12:45:16	0.00	0.23	0.00	1.05	0.00	0.00	0.00	0.82	1.27	100.00	30.28	5.08	0	225	0	31	0	0	0	0	257	326.88	3.73	1.49	4.13	11.47	7.28	6.62	3.93	20.31	22.30
5/16/2023 12:45:19	0.00	0.27	0.00	1.00	0.00	0.00	0.00	0.81	1.26	100.00	31.27	5.05	0	266	0	30	0	0	0	0	296	326.73	3.62	1.41	4.13	11.36	7.32	6.48	4.02	20.26	22.27
5/16/2023 12:45:22	0.00	0.28	0.00	1.04	0.00	0.00	0.00	0.83	1.32	100.00	32.11	4.98	0	279	0	31	0	0	0	0	310	326.51	3.76	1.35	4.31	11.55	7.38	6.73	4.10	20.19	22.24
5/16/2023 12:45:25	0.00	0.28	0.00	0.96	0.00	0.00	0.00	0.82	1.24	100.00	33.21	4.93	0	283	0	29	0	0	0	0	312	326.75	3.61	1.38	4.16	11.35	7.22	6.40	4.21	20.12	22.20
5/16/2023 12:45:28	0.00	0.28	0.00	0.98	0.00	0.00	0.00	0.80	1.27	100.00	34.66	4.87	0	281	0	30	0	0	0	0	310	327.03	3.56	1.41	4.20	11.20	7.26	6.44	4.35	20.07	22.19
5/16/2023 12:45:31	0.00	0.30	0.00	0.99	0.00	0.00	0.00	0.81	1.29	100.00	35.74	4.79	0	303	0	30	0	0	0	0	332	327.28	3.53	1.35	4.28	11.24	7.32	6.55	4.46	20.00	22.09
5/16/2023 12:45:34	0.00	0.29	0.00	1.03	0.00	0.00	0.00	0.80	1.32	100.00	36.50	4.76	0	287	0	31	0	0	0	0	318	327.07	3.56	1.37	4.26	11.18	7.43	6.59	4.53	19.95	22.11
5/16/2023 12:45:37	0.00	0.27	0.00	0.98	0.00	0.00	0.00	0.79	1.26	100.00	37.72	4.76	0	274	0	29	0	0	0	0	303	327.40	3.59	1.27	4.20	11.00	7.20	6.35	4.65	19.89	22.03
5/16/2023 12:45:40	0.00	0.31	0.00	0.94	0.00	0.00	0.00	0.80	1.25	100.00	38.98	4.74	0	314	0	28	0	0	0	0	342	327.13	3.47	1.33	4.21	11.11	7.25	6.33	4.78	19.85	22.03
5/16/2023 12:45:43	0.00	0.33	0.00	0.93	0.00	0.00	0.00	0.81	1.26	100.00	40.11	4.69	0	327	0	28	0	0	0	0	355	326.60	3.44	1.24	4.24	11.19	7.32	6.43	4.89	19.75	21.96
5/16/2023 12:45:46	0.00	0.36	0.00	0.86	0.00	0.00	0.00	0.79	1.22	100.00	40.85	4.63	0	360	0	26	0	0	0	0	386	326.57	3.27	1.27	4.27	10.85	7.12	6.15	4.96	19.70	21.93
5/16/2023 12:45:49	0.00	0.34	0.00	0.86	0.00	0.00	0.00	0.80	1.20	100.00	41.79	4.59	0	341	0	26	0	0	0	0	367	326.62	3.28	1.22	4.16	10.94	7.18	6.17	5.05	19.64	21.88
5/16/2023 12:45:52	0.00	0.35	0.00	0.85	0.00	0.00	0.00	0.79	1.20	100.00	42.72	4.51	0	350	0	25	0	0	0	0	375	326.81	3.33	1.17	4.16	10.82	7.13	6.01	5.14	19.59	21.88
5/16/2023 12:45:55	0.00	0.39	0.00	0.81	0.00	0.00	0.00	0.79	1.20	100.00	43.75	4.49	0	387	0	24	0	0	0	0	411	326.72	3.21	1.18	4.25	10.74	7.09	5.98	5.25	19.50	21.79
5/16/2023 12:45:58	0.00	0.39	0.00	0.80	0.00	0.00	0.00	0.79	1.20	100.00	44.90	4.44	0	394	0	24	0	0	0	0	418	327.03	3.17	1.15	4.21	10.79	7.18	6.01	5.36	19.44	21.80
5/16/2023 12:46:01	0.00	0.35	0.00	0.85	0.00	0.00	0.00	0.79	1.20	100.00	45.86	4.37	0	350	0	25	0	0	0	0	375	326.63	3.24	1.20	4.19	10.78	7.11	6.09	5.45	19.38	21.74
5/16/2023 12:46:04	0.00	0.33	0.00	0.90	0.00	0.00	0.00	0.79	1.23	100.00	46.32	4.35	0	330	0	27	0	0	0	0	357	326.74	3.29	1.27	4.21	10.91	7.19	6.27	5.50	19.28	21.69
5/16/2023 12:46:07	0.00	0.35	0.00	0.84	0.00	0.00	0.00	0.79	1.19	100.00	46.55	4.39	0	346	0	25	0	0	0	0	371	326.60	3.15	1.15	4.17	10.78	7.12	6.16	5.52	19.23	21.62
5/16/2023 12:46:10	0.00	0.38	0.00	0.69	0.00	0.00	0.00	0.77	1.08	100.00	47.00	4.38	0	384	0	21	0	0	0	0	405	326.89	2.86	1.09	4.00	10.37	6.91	5.61	5.56	19.18	21.61
5/16/2023 12:46:13	0.00	0.41	0.00	0.65	0.00	0.00	0.00	0.78	1.06	100.00	46.94	4.38	0	411	0	19	0	0	0	0	431	326.86	2.80	1.00	4.01	10.37	6.88	5.56	5.56	19.09	21.59
5/16/2023 12:46:16	0.00	0.39	0.00	0.71	0.00	0.00	0.00	0.76	1.10	100.00	47.04	4.40	0	394	0	21	0	0	0	0	415	326.90	2.90	1.07	4.04	10.28	6.97	5.59	5.57	19.03	21.48
5/16/2023 12:46:19	0.00	0.40	0.00	0.67	0.00	0.00	0.00	0.78	1.07	100.00	46.99	4.40	0	398	0	20	0	0	0	0	418	327.22	2.82	0.96	4.00	10.37	6.94	5.62	5.56	18.97	21.45
5/16/2023 12:46:22	0.00	0.39	0.00	0.63	0.00	0.00	0.00	0.77	1.01	100.00	46.97	4.40	0	387	0	19	0	0	0	0	406	327.67	2.73	0.96	3.87	10.23	6.83	5.43	5.56	18.92	21.45
5/16/2023 12:46:25	0.00	0.43	0.00	0.57	0.00	0.00	0.00	0.76	1.01	100.00	46.98	4.38	0	435	0	17	0	0	0	0	452	327.05	2.74	0.97	3.92	10.13	6.76	5.17	5.56	18.83	21.40
5/16/2023 12:46:28	0.00	0.43	0.00	0.57	0.00	0.00	0.00	0.75	1.00	100.00	46.98	4.33	0	427	0	17	0	0	0	0	444	327.11	2.66	0.89	3.92	9.90	6.74	5.15	5.56	18.76	21.29
5/16/2023 12:46:31	0.00	0.47	0.00	0.49	0.00	0.00	0.00	0.76	0.96	100.00	46.97	4.31	0	466	0	15	0	0	0	0	481	327.65	2.52	0.90	3.90	9.91	6.67	5.00	5.56	18.70	21.32
5/16/2023 12:46:34	0.00	0.46	0.00	0.49	0.00	0.00	0.00	0.76	0.95	100.00	46.93	4.35	0	464	0	15	0	0	0	0	479	327.17	2.47	0.91	3.84	9.97	6.71	5.00	5.56	18.61	21.29
5/16/2023 12:46:37	0.00	0.47	0.00	0.47	0.00	0.00	0.00	0.76	0.94	100.00	46.90	4.40	0	468	0	14	0	0	0	0	482	326.76	2.48	0.87	3.84	9.97	6.68	4.96	5.55	18.56	21.16
5/16/2023 12:46:39	0.00	0.40	0.00	0.73	0.00	0.00	0.00	0.78	1.13	100.00	45.80	4.42	0	400	0	22	0	0	0	0	422	326.68	2.95	1.04	4.12	10.47	7.02	5.77	5.45	18.51	21.16
5/16/2023 12:46:43	0.00	0.38	0.00	0.82	0.00	0.00	0.00	0.79	1.20	100.00	44.17	4.38	0	378	0	25	0	0	0	0	403	326.77	3.11	1.13	4.19	10.77	7.22	6.11	5.29	18.42	21.09
5/16/2023 12:46:46	0.00	0.44	0.00	0.78	0.00	0.00	0.00	0.80	1.22	100.00	42.67	4.45	0	445	0	23	0	0	0	0	468	326.20	3.14	1.13	4.28	10.87	7.29	5.98	5.14	18.36	21.06
5/16/2023 12:46:48	0.00	0.43	0.00	0.82	0.00	0.00	0.00	0.80	1.24	100.00	41.18	4.52	0	426	0	24	0	0	0	0	450	326.34	3.26	1.20	4.26	10.93	7.33	5.99	4.99	18.30	21.00
5/16/2023 12:46:51	0.00	0.46	0.00	0.79	0.00	0.00	0.00	0.80	1.25	100.00	40.64	4.52	0	462	0	24	0	0	0	0	485	326.42	3.27	1.12	4.37	10.98	7.31	6.01	4.94	18.24	21.00
5/16/2023 12:46:54	0.00	0.42	0.00	0.84	0.00	0.00	0.00	0.79	1.26	100.00	40.61	4.48	0	421	0	25	0	0	0	0	446	326.33	3.30	1.17	4.31	10.90	7.33	6.06	4.94	18.17	20.90
5/16/2023 12:46:57	0.00	0.45	0.00	0.79	0.00	0.00	0.00	0.80	1.24	100.00	40.43	4.49	0	450	0	24	0	0	0	0	474	325.88	3.25	1.13	4.30	10.99	7.35	5.99	4.92	18.09	20.80
5/16/2023 12:47:00	0.00	0.44	0.00	0.81	0.00	0.00	0.00	0.80	1.25	100.00	40.34	4.50	0	438	0	24	0	0	0	0	462	326.31	3.28	1.17	4.38	10.92	7.25	6.05	4.91	18.04	20.79
5/16/2023 12:47:03	0.00	0.43	0.00	0.81	0.00	0.00	0.00	0.79	1.24	100.00	40.54	4.51	0	428	0	24	0	0	0	0	453	326.26	3.23	1.20	4.27	10.88	7.33	5.98	4.93	17.99	20.79
5/16/2023 12:47:06	0.00	0.40	0.00	0.86	0.00	0.00	0.00	0.81	1.26	100.00	41.08	4.53	0	405	0	26	0	0	0	0	430	325.91	3.37	1.12	4.28	11.18	7.41	6.23	4.98	17.90	20.71
5/16/2023 12:47:09	0.00	0.42	0.00	0.82	0.00	0.00	0.00	0.80	1.24	100.00	41.25	4.57	0	421	0	25	0	0	0	0	446	325.85	3.28	1.13	4.24	11.01	7.38	6.05	5.00	17.86	20.67
5/16/2023 12:47:12	0.00	0.44	0.00	0.82	0.00	0.00	0.00	0.80	1.25	100.00	42.61	4.53	0	437	0	24	0	0	0	0	461	325.81	3.25	1.15	4.29	11.01	7.38	6.07	5.13	17.78	20.66
5/16/2023 12:47:15	0.00	0.44	0.00	0.80	0.00	0.00	0.00	0.80	1.24	100.00	42.97	4.49	0	442	0	24	0	0	0	0	466	325.84	3.23	1.15	4.28	10.95	7.36	5.99	5.17	17.72	20.59
5/16/2023 12:47:18	0.00	0.42	0.00	0.82	0.00	0.00	0.00	0.80	1.24	100.00	42.97	4.48	0	423	0	25	0	0	0	0	448	325.73	3.25	1.15	4.29	10.89	7.31	6.04	5.17	17.68	20.51
5/16/2023 12:47:21	0.00	0.41	0.00	0.85	0.00	0.00	0.00	0.81	1.25	100.00	42.95	4.48	0	407	0	25	0	0	0	0	432	325.61	3.28	1.10	4.27	11.05	7.39	6.20	5.17	17.60	20.50
5/16/2023 12:47:24	0.00	0.45	0.00	0.77	0.00	0.00	0.00	0.81	1.22	100.00	41.72	4.49	0	452	0	23	0	0	0	0	475	325.31	3.13	1.13	4.20	10.96	7.38	5.93	5.05	17.53	20.48
5/16/2023 12:47:27	0.00	0.44	0.00	0.84	0.00	0.00	0.00	0.81	1.28	100.00	41.36	4.46	0	435	0	25	0	0	0	0	460	325.59	3.37	1.15	4.35	11.13	7.41	6.15	5.01	17.47	20.42
5/16/2023 12:47:30	0.00	0.43	0.00	0.77	0.00	0.00	0.00	0.81	1.19	100.00	41.55	4.41	0	426	0	23	0	0	0	0	449	325.25	3.25	1.14	4.22	10.99	7.20	5.90	5.03	17.43	20.32
5/16/2023 12:47:33	0.00	0.41	0.00	0.82	0.00	0.00	0.00	0.80	1.23	100.00	41.78	4.45	0	411	0	24	0	0	0	0	436	325.37	3.27	1.15	4.23	10.98	7.30	6.03	5.05	17.36	20.29
5/16/2023 12:47:36	0.00	0.45	0.00	0.80	0.00	0.00	0.00	0.82	1.25	100.00	42.13	4.42	0	448	0	24	0	0	0	0	472	325.23	3.24	1.14	4.35	11.16	7.36	6.17	5.09	17.30	20.25
5/16/2023 12:47:39	0.00	0.46	0.00	0.83	0.00	0.00	0.00	0.81	1.28	100.00	42.15	4.42	0	457	0	25	0	0	0	0	482	325.40	3.30	1.16	4.36	11.13	7.47	6.15	5.09	17.25	20.21
5/16/2023 12:47:42	0.00	0.47	0.00	0.82	0.00	0.00	0.00	0.82	1.29	100.00	42.15	4.44	0	470	0	25	0	0	0	0	494	325.62	3.29	1.09	4.42	11.16	7.46	6.20	5.09	17.17	20.16
5/16/2023 12:47:45	0.00	0.43	0.00	0.82	0.00	0.00	0.00	0.81	1.25	100.00	42.10	4.49	0	431	0	24	0	0	0	0	456	325.86	3.26	1.18	4.26	11.04	7.38	6.05	5.08	17.12	20.13
5/16/2023 12:47:48	0.00	0.47	0.00	0.76	0.00	0.00	0.00	0.83	1.23	100.00	41.87	4.50	0	473	0	23	0	0	0	0	496	325.53	3.22	1.12	4.30	11.21	7.36	6.02	5.06	17.07	20.04
5/16/2023 12:47:51	0.00	0.46	0.00	0.77	0.00	0.00	0.00	0.81	1.23	100.00	41.66	4.49	0	462	0	23	0	0	0	0	485	325.55	3.26	1.14	4.31	11.08	7.31	5.96	5.04	17.01	20.03
5/16/2023 12:47:54	0.00	0.45	0.00	0.82	0.00	0.00	0.00	0.81	1.27	100.00	40.30	4.54	0	453	0	24	0	0	0	0	478	325.35	3.27	1.16	4.36	11.11	7.40	6.14	4.91	16.97	19.98
5/16/2023 12:47:57	0.00	0.46	0.00	0.86	0.00	0.00	0.00	0.83	1.31	100.00	38.64	4.63	0	456	0	26	0	0	0	0	482	325.43	3.37	1.22	4.42	11.44	7.55	6.36	4.74	16.90	19.92
5/16/2023 12:48:00	0.00	0.45	0.00	0.89	0.00	0.00	0.00	0.84	1.34	100.00	37.09	4.67	0	447	0	27	0	0	0	0	474	325.14	3.52	1.24	4.42	11.66	7.63	6.44	4.59	16.85	19.88
5/16/2023 12:48:03	0.00	0.41	0.00	1.03	0.00	0.00	0.00	0.85	1.44	100.00	35.55	4.69	0	409	0	31	0	0	0	0	440	325.07	3.72	1.24	4.65	11.81	7.75	6.98	4.44	16.80	19.82
5/16/2023 12:48:06	0.00	0.40	0.00	0.95	0.00	0.00	0.00	0.84	1.35	100.00	33.99	4.73	0	399	0	29	0	0	0	0	428	324.71	3.58	1.31	4.47	11.64	7.54	6.65	4.29	16.75	19.80
5/16/2023 12:48:09	0.00	0.43	0.00	0.90	0.00	0.00	0.00	0.85	1.33	100.00	32.43	4.80	0	432	0	27	0	0	0	0	459	325.11	3.60	1.22	4.42	11.72	7.58	6.47	4.14	16.70	19.74
5/16/2023 12:48:12	0.00	0.46	0.00	0.90	0.00	0.00	0.00	0.85	1.35	100.00	30.71	4.86	0	456	0	27	0	0	0	0	483	324.51	3.62	1.29	4.49	11.75	7.60	6.46	3.97	16.64	19.69
5/16/2023 12:48:15	0.00	0.43	0.00	0.91	0.00	0.00	0.00	0.86	1.34	100.00	29.11	4.93	0	434	0	27	0	0	0	0	461	324.65	3.67	1.23	4.40	11.84	7.65	6.48	3.81	16.59	19.64
5/16/2023 12:48:18	0.00	0.43	0.00	0.95	0.00	0.00	0.00	0.87	1.38	100.00	27.52	5.01	0	432	0	28	0	0	0	0	460	324.48	3.80	1.35	4.50	12.06	7.67	6.65	3.65	16.54	19.58
5/16/2023 12:48:21	0.00	0.30	0.00	1.30	0.00	0.00	0.00	0.92	1.60	100.00	25.92	5.18	0	301	0	39	0	0	0	0	340	323.96	4.58	1.45	4.78	13.21	8.12	7.93	3.50	16.50	19.51
5/16/2023 12:48:24	0.00	0.36	0.00	1.24	0.00	0.00	0.00	0.89	1.59	100.00	24.36	5.35	0	356	0	37	0	0	0	0	393	323.90	4.40	1.54	4.77	12.71	8.11	7.49	3.34	16.44	19.50
5/16/2023 12:48:27	0.00	0.27	0.00	1.42	0.00	0.00	0.00	0.87	1.69	100.00	22.61	5.59	0	274	0	43	0	0	0	0	317	323.52	4.70	1.62	4.89	12.70	8.20	7.88	3.17	16.41	19.46
5/16/2023 12:48:30	0.00	0.20	0.00	1.60	0.00	0.00	0.00	0.89	1.80	100.00	20.99	5.86	0	197	0	48	0	0	0	0	245	323.96	5.11	1.67	4.93	13.19	8.49	8.41	3.01	16.37	19.37
5/16/2023 12:48:33	0.00	0.12	0.09	1.79	0.00	0.00	0.00	0.89	2.00	100.00	19.38	6.14	0	124	39	54	0	0	0	0	216	323.24	5.49	1.80	5.10	13.57	8.78	9.20	2.86	16.33	19.35
5/16/2023 12:48:36	0.00	0.08	0.33	1.90	0.00	0.00	0.00	0.90	2.31	100.00	17.77	6.39	0	78	148	57	0	0	0	0	283	322.78	6.19	1.93	5.29	14.39	9.07	10.14	2.70	16.28	19.34
5/16/2023 12:48:38	0.00	0.07	0.57	1.85	0.00	0.00	0.00	0.88	2.49	100.00	16.17	6.61	0	68	256	55	0	0	0	0	379	322.29	6.30	2.00	5.33	14.42	9.06	10.55	2.54	16.24	19.27
5/16/2023 12:48:42	0.00	0.20	0.91	1.55	0.00	0.00	0.00	0.86	2.66	100.00	14.40	6.86	0	202	408	46	0	0	0	0	657	323.05	6.11	1.88	5.46	14.28	8.89	10.65	2.37	16.20	19.22
5/16/2023 12:48:45	0.00	0.04	1.10	1.67	0.00	0.00	0.00	0.91	2.81	100.00	12.81	7.28	0	39	494	50	0	0	0	0	583	322.93	6.84	1.81	5.31	15.44	9.01	11.67	2.21	16.18	19.17
5/16/2023 12:48:48	0.42	0.19	1.60	1.37	0.00	0.00	0.00	0.87	3.57	100.00	11.19	8.64	223	186	720	41	0	0	0	0	1169	323.03	6.94	1.97	5.82	15.96	9.09	12.94	2.05	16.14	19.09
5/16/2023 12:48:50	0.54	0.26	3.24	1.07	0.00	0.00	0.00	0.78	5.11	100.00	9.59	10.11	285	263	1459	32	0	0	0	0	2039	322.92	8.75	1.77	6.55	17.51	9.79	16.26	1.90	16.12	19.11
5/16/2023 12:48:53	1.71	0.07	2.73	1.30	0.00	0.00	0.00	0.82	5.81	100.00	7.98	10.77	909	71	1227	39	0	0	0	0	2245	322.17	8.88	1.84	6.64	19.22	10.22	18.08	1.74	16.09	19.01
5/16/2023 12:48:57	2.56	0.20	3.99	0.79	0.00	0.00	0.00	0.44	7.54	100.00	6.20	11.32	1357	199	1795	24	0	0	0	0	3375	322.10	9.30	2.10	7.44	17.16	9.98	19.56	1.57	16.08	19.03
5/16/2023 12:49:00	3.52	1.32	3.23	0.00	0.00	0.00	0.00	0.68	8.07	100.00	4.57	11.58	1868	1316	1451	0	0	0	0	0	4635	324.73	8.07	2.14	11.62	19.68	8.17	19.15	1.41	16.08	18.97
5/16/2023 12:49:02	0.00	0.00	6.86	0.00	0.00	0.00	0.00	0.54	6.86	100.00	2.95	11.81	0	0	3088	0	0	0	0	0	3088	324.84	12.80	3.75	2.95	18.33	8.45	20.46	1.25	16.04	18.88
5/16/2023 12:49:05	1.65	2.33	0.98	0.36	0.00	0.00	0.00	0.10	5.32	100.00	1.30	11.93	875	2326	440	11	0	0	0	0	3652	316.58	4.01	-0.52	9.51	6.55	12.19	7.02	1.09	16.02	18.88
5/16/2023 12:49:08	0.00	1.57	0.23	0.00	0.00	0.00	0.00	0.69	1.80	93.65	0.26	12.03	0	1570	102	0	0	0	0	0	1672	237.52	3.98	-9.89	7.65	9.10	8.21	3.93	0.98	16.03	18.84
5/16/2023 12:49:12	0.00	0.00	8.52	0.00	0.00	0.00	0.00	0.10	8.52	100.00	0.18	12.06	0	0	3833	0	0	0	0	0	3833	314.76	13.86	-4.78	1.88	15.05	7.53	24.60	0.98	16.02	18.77
5/16/2023 12:49:14	0.00	0.00	3.32	0.00	0.00	0.00	0.00	0.00	3.32	100.00	0.19	12.04	0	0	1493	0	0	0	0	0	1493	263.90	10.21	2.42	6.93	5.45	-1.97	5.97	0.98	16.01	18.76
5/16/2023 12:49:17	0.00	0.00	1.12	1.65	0.00	0.00	0.00	1.11	2.77	100.00	0.19	12.06	0	0	503	50	0	0	0	0	552	323.72	16.56	-3.44	3.08	18.89	8.58	7.78	0.98	16.00	18.77
5/16/2023 12:49:20	4.49	1.08	0.00	0.00	0.00	0.00	0.00	0.80	5.57	100.00	0.20	12.04	2377	1084	0	0	0	0	0	0	3461	329.21	-0.15	7.04	11.59	17.47	3.32	13.44	0.98	16.00	18.74
5/16/2023 12:49:23	0.00	2.01	0.00	0.00	0.00	0.00	0.00	1.49	2.01	100.00	0.21	12.07	0	2015	0	0	0	0	0	0	2015	316.63	2.30	4.63	7.60	24.29	8.58	-1.79	0.98	16.00	18.68
5/16/2023 12:49:26	7.23	0.00	0.00	0.00	0.00	0.00	0.00	0.00	7.23	100.00	0.25	12.04	3834	0	0	0	0	0	0	0	3834	299.15	0.12	-6.60	-1.75	6.38	10.16	18.67	0.98	15.99	18.59
5/16/2023 12:49:29	0.00	0.20	5.38	0.59	0.00	0.00	0.00	0.00	6.17	100.00	0.41	12.09	0	196	2423	18	0	0	0	0	2637	314.01	11.88	7.81	8.97	10.47	3.97	13.32	1.00	15.97	18.64
5/16/2023 12:49:32	2.62	0.00	2.48	0.56	0.00	0.00	0.00	0.48	5.65	100.00	0.66	12.12	1389	0	1116	17	0	0	0	0	2521	324.23	6.48	2.43	5.91	14.63	7.64	15.44	1.02	15.97	18.50
5/16/2023 12:49:35	0.00	0.79	0.00	1.73	0.00	0.00	0.00	0.77	2.51	100.00	0.76	12.10	0	786	0	52	0	0	0	0	838	325.26	6.02	4.30	7.00	12.58	8.87	7.18	1.03	15.97	18.55
5/16/2023 12:49:38	4.10	0.00	0.00	0.00	0.00	0.00	0.00	0.42	4.10	100.00	0.88	12.08	2174	0	0	0	0	0	0	0	2174	331.26	0.59	-0.68	-6.80	9.12	4.01	14.99	1.04	15.98	18.51
5/16/2023 12:49:41	0.00	0.53	0.00	3.22	0.00	0.00	0.00	0.64	3.75	100.00	1.81	12.11	0	530	0	97	0	0	0	0	626	326.60	12.39	3.02	8.74	13.65	10.65	7.97	1.14	15.98	18.43
5/16/2023 12:49:44	0.00	0.98	1.85	0.00	0.00	0.00	0.00	1.16	2.83	100.00	2.40	12.09	0	975	834	0	0	0	0	0	1809	327.59	6.86	1.91	7.21	17.93	6.16	10.47	1.19	15.98	18.42
5/16/2023 12:49:47	1.77	0.00	1.21	0.00	0.00	0.00	0.00	1.05	2.98	100.00	3.59	12.01	937	0	546	0	0	0	0	0	1484	326.20	4.46	-1.24	3.26	17.09	6.68	12.76	1.31	15.99	18.40
5/16/2023 12:49:50	1.75	0.00	4.95	0.46	0.00	0.00	0.00	0.65	7.17	100.00	4.78	11.94	929	0	2228	14	0	0	0	0	3170	326.47	9.98	3.25	6.25	19.64	8.95	21.14	1.43	16.00	18.37
5/16/2023 12:49:53	1.38	0.00	5.25	0.81	0.00	0.00	0.00	0.66	7.44	100.00	6.57	11.77	729	0	2361	24	0	0	0	0	3115	326.36	11.15	2.13	6.43	20.32	10.49	22.06	1.60	16.01	18.37
5/16/2023 12:49:56	1.93	0.13	3.49	1.05	0.00	0.00	0.00	0.76	6.60	100.00	8.72	11.54	1020	128	1571	32	0	0	0	0	2751	326.45	9.52	1.60	6.94	19.74	10.43	19.55	1.81	16.02	18.32
5/16/2023 12:49:59	1.78	0.00	2.90	1.29	0.00	0.00	0.00	0.77	5.96	100.00	10.86	10.87	943	0	1304	39	0	0	0	0	2286	326.28	8.93	2.25	6.24	18.90	10.11	18.40	2.02	16.02	18.26
5/16/2023 12:50:02	0.68	0.04	1.78	1.54	0.00	0.00	0.00	0.80	4.02	100.00	12.71	9.00	358	36	800	46	0	0	0	0	1240	326.88	7.45	1.81	5.78	15.98	9.48	13.90	2.20	16.02	18.29
5/16/2023 12:50:05	0.00	0.09	1.40	1.61	0.00	0.00	0.00	0.90	3.09	100.00	14.45	7.67	0	85	629	48	0	0	0	0	762	326.36	7.05	1.91	5.52	15.77	9.18	12.34	2.37	16.03	18.27
5/16/2023 12:50:08	0.00	0.12	0.82	1.63	0.00	0.00	0.00	0.92	2.57	100.00	16.24	7.09	0	124	367	49	0	0	0	0	540	327.13	6.30	1.85	5.33	15.03	8.93	10.96	2.55	16.04	18.24
5/16/2023 12:50:11	0.00	0.03	0.21	1.99	0.00	0.00	0.00	0.95	2.24	100.00	18.17	6.77	0	33	95	60	0	0	0	0	188	326.61	6.23	1.93	5.22	14.86	9.18	10.32	2.74	16.02	18.21
5/16/2023 12:50:14	0.00	0.00	0.24	2.00	0.00	0.00	0.00	0.94	2.23	100.00	19.70	6.55	0	0	107	60	0	0	0	0	167	325.96	6.17	1.96	5.14	14.76	9.14	10.38	2.89	16.02	18.22
5/16/2023 12:50:17	0.00	0.14	0.00	1.74	0.00	0.00	0.00	0.93	1.88	100.00	21.58	6.22	0	139	0	52	0	0	0	0	191	326.24	5.51	1.79	4.96	13.99	8.74	8.96	3.07	16.01	18.19
5/16/2023 12:50:20	0.00	0.16	0.00	1.56	0.00	0.00	0.00	0.92	1.72	100.00	23.52	5.76	0	160	0	47	0	0	0	0	207	326.22	5.14	1.66	4.76	13.57	8.37	8.45	3.26	16.01	18.18
5/16/2023 12:50:23	0.00	0.34	0.00	1.24	0.00	0.00	0.00	0.92	1.58	100.00	25.28	5.46	0	344	0	37	0	0	0	0	381	326.42	4.59	1.54	4.70	13.16	8.13	7.54	3.43	15.99	18.14
5/16/2023 12:50:26	0.00	0.41	0.00	1.07	0.00	0.00	0.00	0.93	1.48	100.00	27.24	5.28	0	409	0	32	0	0	0	0	441	326.27	4.19	1.47	4.62	12.97	7.95	7.23	3.63	16.00	18.11
5/16/2023 12:50:29	0.00	0.41	0.00	1.00	0.00	0.00	0.00	0.90	1.41	100.00	29.24	5.11	0	411	0	30	0	0	0	0	441	326.28	4.01	1.40	4.48	12.58	7.82	6.89	3.82	15.99	18.08
5/16/2023 12:50:32	0.00	0.46	0.00	0.87	0.00	0.00	0.00	0.90	1.33	100.00	31.29	4.99	0	463	0	26	0	0	0	0	489	326.46	3.73	1.34	4.43	12.38	7.64	6.58	4.02	15.98	18.05
5/16/2023 12:50:35	0.00	0.42	0.00	0.85	0.00	0.00	0.00	0.90	1.27	100.00	33.63	4.90	0	423	0	26	0	0	0	0	448	326.75	3.70	1.31	4.33	12.29	7.46	6.52	4.25	15.96	18.06
5/16/2023 12:50:38	0.00	0.45	0.00	0.85	0.00	0.00	0.00	0.89	1.30	100.00	35.74	4.80	0	447	0	25	0	0	0	0	472	326.67	3.61	1.30	4.36	12.24	7.57	6.55	4.46	15.98	18.05
5/16/2023 12:50:41	0.00	0.44	0.00	0.90	0.00	0.00	0.00	0.89	1.34	100.00	37.89	4.74	0	440	0	27	0	0	0	0	467	326.73	3.66	1.33	4.42	12.21	7.65	6.65	4.67	15.96	17.97
5/16/2023 12:50:44	0.00	0.45	0.00	0.85	0.00	0.00	0.00	0.87	1.30	100.00	39.51	4.69	0	449	0	26	0	0	0	0	474	326.79	3.51	1.30	4.36	11.99	7.58	6.49	4.83	15.96	18.01
5/16/2023 12:50:47	0.00	0.45	0.00	0.83	0.00	0.00	0.00	0.88	1.27	100.00	41.29	4.63	0	448	0	25	0	0	0	0	473	327.18	3.48	1.33	4.34	11.99	7.49	6.43	5.00	15.95	17.97
5/16/2023 12:50:50	0.00	0.51	0.00	0.74	0.00	0.00	0.00	0.87	1.24	100.00	42.49	4.55	0	508	0	22	0	0	0	0	530	327.80	3.29	1.25	4.29	11.74	7.51	6.10	5.12	15.93	17.98
5/16/2023 12:50:53	0.00	0.48	0.00	0.72	0.00	0.00	0.00	0.87	1.20	100.00	42.57	4.57	0	482	0	22	0	0	0	0	504	327.54	3.33	1.20	4.21	11.71	7.38	6.01	5.13	15.93	17.95
5/16/2023 12:50:56	0.00	0.47	0.00	0.76	0.00	0.00	0.00	0.86	1.23	100.00	42.65	4.56	0	466	0	23	0	0	0	0	489	327.50	3.30	1.24	4.23	11.71	7.45	6.17	5.14	15.92	17.93
5/16/2023 12:50:59	0.00	0.45	0.00	0.77	0.00	0.00	0.00	0.85	1.22	100.00	42.58	4.52	0	448	0	23	0	0	0	0	471	327.96	3.27	1.25	4.21	11.51	7.39	6.13	5.13	15.91	17.90
5/16/2023 12:51:02	0.00	0.50	0.00	0.74	0.00	0.00	0.00	0.87	1.23	100.00	42.37	4.56	0	497	0	22	0	0	0	0	519	328.07	3.29	1.25	4.29	11.82	7.45	6.17	5.11	15.87	17.85
5/16/2023 12:51:05	0.00	0.53	0.00	0.71	0.00	0.00	0.00	0.88	1.25	100.00	40.85	4.60	0	534	0	21	0	0	0	0	556	328.22	3.31	1.30	4.37	11.93	7.47	6.14	4.96	15.87	17.82
5/16/2023 12:51:08	0.00	0.48	0.00	0.81	0.00	0.00	0.00	0.89	1.29	100.00	39.31	4.66	0	482	0	24	0	0	0	0	507	328.00	3.48	1.25	4.42	12.13	7.56	6.51	4.81	15.85	17.82
5/16/2023 12:51:11	0.00	0.46	0.00	0.84	0.00	0.00	0.00	0.88	1.30	100.00	37.57	4.72	0	463	0	25	0	0	0	0	488	328.11	3.50	1.33	4.36	12.05	7.61	6.47	4.64	15.83	17.81
5/16/2023 12:51:14	0.00	0.43	0.00	0.92	0.00	0.00	0.00	0.87	1.35	100.00	35.98	4.74	0	431	0	28	0	0	0	0	458	328.29	3.65	1.41	4.39	12.09	7.70	6.60	4.48	15.82	17.84
5/16/2023 12:51:17	0.00	0.47	0.00	0.88	0.00	0.00	0.00	0.89	1.35	100.00	34.40	4.77	0	468	0	26	0	0	0	0	495	327.79	3.68	1.36	4.48	12.22	7.64	6.57	4.33	15.79	17.74
5/16/2023 12:51:19	0.00	0.48	0.00	0.81	0.00	0.00	0.00	0.90	1.30	100.00	32.80	4.83	0	482	0	24	0	0	0	0	507	327.91	3.55	1.33	4.42	12.33	7.56	6.54	4.17	15.77	17.76
5/16/2023 12:51:22	0.00	0.46	0.00	0.88	0.00	0.00	0.00	0.90	1.34	100.00	31.20	4.90	0	462	0	26	0	0	0	0	489	327.44	3.65	1.40	4.45	12.33	7.68	6.65	4.02	15.76	17.69
5/16/2023 12:51:26	0.00	0.49	0.00	0.87	0.00	0.00	0.00	0.89	1.35	100.00	29.40	4.96	0	486	0	26	0	0	0	0	511	327.67	3.82	1.35	4.52	12.31	7.61	6.49	3.84	15.73	17.71
5/16/2023 12:51:28	0.00	0.47	0.00	0.90	0.00	0.00	0.00	0.90	1.38	100.00	27.76	5.02	0	474	0	27	0	0	0	0	501	327.51	3.82	1.41	4.53	12.49	7.70	6.69	3.68	15.71	17.63
5/16/2023 12:51:31	0.00	0.39	0.00	1.06	0.00	0.00	0.00	0.91	1.46	100.00	26.14	5.14	0	394	0	32	0	0	0	0	426	326.98	4.09	1.58	4.55	12.78	7.89	7.11	3.52	15.68	17.60
5/16/2023 12:51:34	0.00	0.39	0.00	1.14	0.00	0.00	0.00	0.92	1.54	100.00	24.50	5.27	0	392	0	34	0	0	0	0	426	327.02	4.28	1.60	4.65	13.01	8.09	7.35	3.36	15.66	17.56
5/16/2023 12:51:37	0.00	0.29	0.00	1.41	0.00	0.00	0.00	0.93	1.69	100.00	22.88	5.49	0	286	0	42	0	0	0	0	328	326.75	4.85	1.72	4.85	13.49	8.33	8.10	3.20	15.66	17.58
5/16/2023 12:51:40	0.00	0.23	0.00	1.54	0.00	0.00	0.00	0.93	1.76	100.00	21.09	5.84	0	227	0	46	0	0	0	0	273	326.87	5.08	1.80	4.90	13.64	8.45	8.42	3.02	15.62	17.52
5/16/2023 12:51:43	0.00	0.12	0.00	1.76	0.00	0.00	0.00	0.92	1.88	100.00	19.48	6.16	0	118	0	53	0	0	0	0	171	326.32	5.47	1.91	4.98	13.83	8.63	8.95	2.87	15.59	17.48
5/16/2023 12:51:46	0.00	0.06	0.09	1.97	0.00	0.00	0.00	0.93	2.11	100.00	17.84	6.44	0	59	40	59	0	0	0	0	157	326.42	5.90	2.03	5.20	14.40	9.05	9.89	2.71	15.57	17.47
5/16/2023 12:51:49	0.00	0.11	0.28	1.95	0.00	0.00	0.00	0.95	2.33	100.00	16.21	6.64	0	108	124	58	0	0	0	0	290	326.28	6.20	2.07	5.42	14.88	9.24	10.41	2.55	15.56	17.48
5/16/2023 12:51:52	0.00	0.11	0.52	1.83	0.00	0.00	0.00	0.94	2.46	100.00	14.60	6.84	0	115	232	55	0	0	0	0	401	326.04	6.35	1.94	5.41	15.08	9.17	10.72	2.39	15.52	17.43
5/16/2023 12:51:55	0.15	0.11	0.76	1.74	0.00	0.00	0.00	0.94	2.76	100.00	12.80	7.32	80	107	343	52	0	0	0	0	582	326.29	6.45	1.90	5.45	15.53	9.26	11.52	2.21	15.50	17.43
5/16/2023 12:51:58	0.38	0.17	1.66	1.58	0.00	0.00	0.00	0.85	3.79	100.00	11.16	8.33	204	168	749	47	0	0	0	0	1168	325.98	7.42	2.16	6.07	16.19	9.54	13.45	2.05	15.48	17.32
5/16/2023 12:52:01	2.01	0.00	2.33	1.30	0.00	0.00	0.00	0.73	5.63	100.00	9.52	9.79	1065	0	1046	39	0	0	0	0	2150	325.70	8.09	2.48	6.48	17.79	9.48	17.07	1.89	15.46	17.29
5/16/2023 12:52:04	1.49	0.00	2.53	1.57	0.00	0.00	0.00	0.89	5.59	100.00	7.88	10.73	788	0	1138	47	0	0	0	0	1973	325.81	9.13	2.09	6.59	19.73	10.48	18.12	1.73	15.46	17.29
5/16/2023 12:52:07	0.00	0.00	4.47	1.49	0.00	0.00	0.00	0.78	5.96	100.00	6.27	11.20	0	0	2013	45	0	0	0	0	2058	325.94	11.68	1.97	6.64	19.58	10.74	19.16	1.57	15.46	17.27
5/16/2023 12:52:10	2.04	0.00	4.89	0.02	0.00	0.00	0.00	0.88	6.95	100.00	4.45	11.49	1082	0	2200	1	0	0	0	0	3283	324.14	9.79	0.26	5.60	22.07	9.43	21.82	1.39	15.46	17.27
5/16/2023 12:52:13	6.03	0.00	0.00	0.26	0.00	0.00	0.00	1.14	6.29	100.00	2.81	11.72	3197	0	0	8	0	0	0	0	3205	320.65	5.15	5.73	0.48	22.20	7.98	20.67	1.23	15.46	17.21
5/16/2023 12:52:16	0.00	0.64	0.00	3.82	0.00	0.00	0.00	0.29	4.46	100.00	1.17	11.85	0	639	0	115	0	0	0	0	753	313.25	4.60	14.22	7.26	10.67	14.51	9.09	1.07	15.46	17.19
5/16/2023 12:52:19	0.00	0.02	3.86	0.00	0.00	0.00	0.00	0.00	3.88	100.00	0.25	11.97	0	16	1739	0	0	0	0	0	1755	288.49	8.15	-1.06	4.84	5.85	5.32	8.66	0.98	15.47	17.14
5/16/2023 12:52:22	0.00	2.18	0.13	0.00	0.00	0.00	0.00	1.79	2.31	100.00	0.26	12.06	0	2178	60	0	0	0	0	0	2238	321.10	9.31	-3.14	14.02	23.90	3.29	8.32	0.98	15.46	17.16
5/16/2023 12:52:25	0.00	0.04	1.71	0.00	0.00	0.00	0.00	0.66	1.75	100.00	0.27	12.03	0	40	771	0	0	0	0	0	810	324.04	7.78	-2.85	5.19	11.27	2.78	5.67	0.98	15.46	17.10
5/16/2023 12:52:28	0.00	0.00	0.00	0.00	0.00	0.00	0.00	1.14	0.00	100.00	0.33	12.03	0	0	0	0	0	0	0	0	0	311.44	2.24	1.74	-4.50	14.52	-1.38	5.52	0.99	15.45	17.06
5/16/2023 12:52:31	1.57	0.00	0.00	3.49	0.00	0.00	0.00	0.43	5.06	100.00	0.26	12.00	831	0	0	105	0	0	0	0	935	321.79	7.65	2.29	5.50	12.63	14.70	13.70	0.98	15.47	16.97
5/16/2023 12:52:34	0.00	0.00	1.50	1.67	0.00	0.00	0.00	0.00	3.17	100.00	0.42	12.01	0	0	676	50	0	0	0	0	726	300.09	6.84	2.13	1.12	3.36	9.49	8.04	1.00	15.46	17.03
5/16/2023 12:52:37	3.19	0.00	0.00	0.55	0.00	0.00	0.00	0.53	3.74	100.00	1.64	12.01	1690	0	0	16	0	0	0	0	1707	331.53	0.45	3.26	2.67	11.87	9.06	10.49	1.12	15.47	16.95
5/16/2023 12:52:40	2.45	0.16	0.00	1.78	0.00	0.00	0.00	1.07	4.40	100.00	3.06	11.97	1301	159	0	53	0	0	0	0	1513	329.05	4.89	3.97	5.52	19.45	11.27	15.05	1.26	15.45	16.95
5/16/2023 12:52:43	0.76	0.00	4.17	0.97	0.00	0.00	0.00	0.78	5.90	100.00	4.30	11.91	401	0	1878	29	0	0	0	0	2308	327.43	9.84	1.81	5.29	19.19	10.27	19.19	1.38	15.46	16.94
5/16/2023 12:52:46	0.27	0.00	5.15	1.19	0.00	0.00	0.00	0.82	6.61	100.00	6.08	11.78	143	0	2316	36	0	0	0	0	2494	326.95	11.70	2.28	6.40	21.10	10.93	21.42	1.55	15.46	16.90
5/16/2023 12:52:49	1.64	0.54	4.74	0.18	0.00	0.00	0.00	0.85	7.10	100.00	7.70	11.64	871	537	2132	5	0	0	0	0	3545	326.11	9.87	1.91	7.68	21.42	9.74	20.75	1.71	15.46	16.87
5/16/2023 12:52:52	1.55	0.00	3.29	1.23	0.00	0.00	0.00	0.80	6.06	100.00	9.38	11.25	820	0	1480	37	0	0	0	0	2336	327.38	9.36	2.41	6.41	19.45	10.03	18.94	1.88	15.48	16.87
5/16/2023 12:52:55	0.98	0.04	2.96	1.45	0.00	0.00	0.00	0.80	5.42	100.00	11.06	10.05	517	40	1331	43	0	0	0	0	1931	327.70	9.19	2.12	6.56	18.51	10.15	17.42	2.04	15.47	16.84
5/16/2023 12:52:58	0.12	0.25	1.91	1.32	0.00	0.00	0.00	0.88	3.59	100.00	13.26	8.26	65	247	858	40	0	0	0	0	1209	327.83	7.28	1.67	5.87	16.18	9.35	13.14	2.26	15.48	16.84
5/16/2023 12:53:01	0.00	0.14	1.11	1.54	0.00	0.00	0.00	0.95	2.80	100.00	15.39	7.39	0	143	500	46	0	0	0	0	688	327.75	6.61	1.75	5.41	15.80	9.07	11.74	2.47	15.46	16.77
5/16/2023 12:53:04	0.00	0.05	0.51	1.81	0.00	0.00	0.00	0.95	2.37	100.00	17.28	6.92	0	52	231	54	0	0	0	0	337	327.58	6.26	1.84	5.19	15.09	9.03	10.72	2.65	15.48	16.77
5/16/2023 12:53:07	0.00	0.05	0.36	1.91	0.00	0.00	0.00	0.94	2.32	100.00	18.91	6.68	0	52	160	57	0	0	0	0	270	327.30	6.25	2.00	5.27	14.93	9.07	10.49	2.81	15.48	16.84
5/16/2023 12:53:10	0.00	0.03	0.19	1.93	0.00	0.00	0.00	0.95	2.16	100.00	20.88	6.29	0	34	87	58	0	0	0	0	179	327.09	6.11	1.97	5.17	14.71	8.97	10.11	3.00	15.46	16.77
5/16/2023 12:53:13	0.00	0.17	0.00	1.61	0.00	0.00	0.00	0.94	1.78	100.00	22.45	5.96	0	174	0	48	0	0	0	0	222	327.61	5.24	1.82	4.83	13.93	8.54	8.64	3.16	15.44	16.74
5/16/2023 12:53:16	0.00	0.23	0.00	1.45	0.00	0.00	0.00	0.93	1.67	100.00	24.31	5.69	0	227	0	43	0	0	0	0	270	327.69	4.88	1.66	4.73	13.54	8.33	8.22	3.34	15.45	16.74
5/16/2023 12:53:19	0.00	0.37	0.00	1.20	0.00	0.00	0.00	0.95	1.57	100.00	26.12	5.41	0	372	0	36	0	0	0	0	408	327.41	4.44	1.55	4.69	13.42	8.20	7.67	3.52	15.42	16.74
5/16/2023 12:53:22	0.00	0.40	0.00	1.01	0.00	0.00	0.00	0.94	1.41	100.00	27.87	5.23	0	398	0	30	0	0	0	0	429	327.32	4.11	1.47	4.50	13.01	7.81	7.11	3.69	15.41	16.74
5/16/2023 12:53:25	0.00	0.46	0.00	0.88	0.00	0.00	0.00	0.94	1.34	100.00	29.85	5.07	0	463	0	26	0	0	0	0	490	327.77	3.84	1.33	4.43	12.90	7.75	6.83	3.88	15.41	16.71
5/16/2023 12:53:28	0.00	0.46	0.00	0.85	0.00	0.00	0.00	0.92	1.30	100.00	31.36	4.97	0	456	0	25	0	0	0	0	481	328.34	3.75	1.35	4.33	12.63	7.67	6.59	4.03	15.41	16.66
5/16/2023 12:53:31	0.00	0.47	0.00	0.80	0.00	0.00	0.00	0.93	1.27	100.00	33.26	4.90	0	467	0	24	0	0	0	0	491	327.86	3.66	1.30	4.37	12.69	7.51	6.62	4.22	15.40	16.66
5/16/2023 12:53:34	0.00	0.47	0.00	0.80	0.00	0.00	0.00	0.91	1.27	100.00	35.46	4.80	0	470	0	24	0	0	0	0	494	328.42	3.59	1.27	4.36	12.35	7.51	6.47	4.43	15.39	16.63
5/16/2023 12:53:36	0.00	0.45	0.00	0.86	0.00	0.00	0.00	0.90	1.31	100.00	37.68	4.76	0	450	0	26	0	0	0	0	476	328.72	3.69	1.32	4.34	12.34	7.66	6.53	4.65	15.39	16.61
5/16/2023 12:53:40	0.00	0.43	0.00	0.86	0.00	0.00	0.00	0.88	1.29	100.00	40.12	4.67	0	432	0	26	0	0	0	0	458	328.86	3.60	1.29	4.34	12.08	7.53	6.50	4.89	15.37	16.63
5/16/2023 12:53:43	0.00	0.47	0.00	0.80	0.00	0.00	0.00	0.89	1.27	100.00	42.22	4.55	0	473	0	24	0	0	0	0	497	329.48	3.58	1.26	4.35	12.09	7.51	6.33	5.10	15.36	16.60
5/16/2023 12:53:46	0.00	0.54	0.00	0.69	0.00	0.00	0.00	0.90	1.23	100.00	43.04	4.50	0	537	0	21	0	0	0	0	557	329.09	3.34	1.28	4.35	12.15	7.44	6.18	5.18	15.35	16.61
5/16/2023 12:53:48	0.00	0.51	0.00	0.72	0.00	0.00	0.00	0.88	1.23	100.00	43.10	4.52	0	515	0	22	0	0	0	0	536	329.45	3.33	1.22	4.31	11.88	7.47	6.12	5.18	15.34	16.55
5/16/2023 12:53:51	0.00	0.49	0.00	0.74	0.00	0.00	0.00	0.89	1.23	100.00	43.10	4.52	0	487	0	22	0	0	0	0	509	329.52	3.43	1.27	4.26	12.10	7.48	6.22	5.18	15.34	16.52
5/16/2023 12:53:55	0.00	0.49	0.00	0.73	0.00	0.00	0.00	0.89	1.22	100.00	43.03	4.50	0	488	0	22	0	0	0	0	510	328.71	3.40	1.26	4.30	12.00	7.38	6.20	5.17	15.32	16.50
5/16/2023 12:53:57	0.00	0.45	0.00	0.78	0.00	0.00	0.00	0.91	1.23	100.00	43.04	4.51	0	446	0	23	0	0	0	0	470	329.01	3.44	1.19	4.28	12.28	7.45	6.54	5.18	15.31	16.48
5/16/2023 12:54:00	0.00	0.52	0.00	0.69	0.00	0.00	0.00	0.89	1.21	100.00	43.02	4.53	0	525	0	21	0	0	0	0	546	328.83	3.33	1.19	4.26	12.03	7.48	6.09	5.17	15.27	16.50
5/16/2023 12:54:03	0.00	0.53	0.00	0.70	0.00	0.00	0.00	0.88	1.23	100.00	43.03	4.54	0	531	0	21	0	0	0	0	552	328.56	3.31	1.22	4.35	11.83	7.43	6.08	5.17	15.27	16.48
5/16/2023 12:54:06	0.00	0.51	0.00	0.72	0.00	0.00	0.00	0.89	1.23	100.00	43.04	4.51	0	507	0	22	0	0	0	0	529	328.75	3.43	1.30	4.28	12.06	7.47	6.10	5.18	15.26	16.52
5/16/2023 12:54:09	0.00	0.52	0.00	0.69	0.00	0.00	0.00	0.89	1.20	100.00	43.02	4.51	0	518	0	21	0	0	0	0	538	328.68	3.31	1.13	4.25	11.95	7.44	6.08	5.17	15.25	16.47
5/16/2023 12:54:12	0.00	0.55	0.00	0.67	0.00	0.00	0.00	0.88	1.22	100.00	43.02	4.54	0	554	0	20	0	0	0	0	574	328.72	3.24	1.18	4.33	11.90	7.47	6.06	5.17	15.21	16.40
5/16/2023 12:54:15	0.00	0.52	0.00	0.71	0.00	0.00	0.00	0.88	1.23	100.00	43.01	4.53	0	523	0	21	0	0	0	0	544	329.19	3.29	1.26	4.30	11.91	7.47	6.11	5.17	15.21	16.37
5/16/2023 12:54:18	0.00	0.52	0.00	0.69	0.00	0.00	0.00	0.87	1.22	100.00	43.03	4.53	0	524	0	21	0	0	0	0	545	329.70	3.24	1.23	4.29	11.73	7.43	6.02	5.17	15.16	16.36
5/16/2023 12:54:21	0.00	0.54	0.00	0.70	0.00	0.00	0.00	0.88	1.24	100.00	43.02	4.55	0	537	0	21	0	0	0	0	558	329.06	3.29	1.22	4.41	11.89	7.43	6.18	5.17	15.16	16.34
5/16/2023 12:54:24	0.00	0.54	0.00	0.70	0.00	0.00	0.00	0.87	1.24	100.00	43.03	4.55	0	539	0	21	0	0	0	0	560	329.55	3.35	1.17	4.39	11.78	7.41	6.03	5.17	15.12	16.31
5/16/2023 12:54:27	0.00	0.53	0.00	0.66	0.00	0.00	0.00	0.89	1.19	100.00	43.03	4.58	0	527	0	20	0	0	0	0	547	329.54	3.21	1.17	4.26	11.93	7.41	6.09	5.17	15.10	16.34
5/16/2023 12:54:30	0.00	0.59	0.00	0.63	0.00	0.00	0.00	0.90	1.22	100.00	43.03	4.57	0	587	0	19	0	0	0	0	606	329.19	3.27	1.21	4.41	12.09	7.44	6.05	5.17	15.09	16.27
5/16/2023 12:54:33	0.00	0.51	0.00	0.70	0.00	0.00	0.00	0.89	1.21	100.00	43.02	4.56	0	505	0	21	0	0	0	0	527	328.97	3.33	1.25	4.25	11.95	7.42	6.09	5.17	15.06	16.29
5/16/2023 12:54:36	0.00	0.55	0.00	0.65	0.00	0.00	0.00	0.88	1.20	100.00	43.03	4.52	0	553	0	19	0	0	0	0	572	328.65	3.18	1.27	4.34	11.79	7.35	5.97	5.17	15.05	16.23
5/16/2023 12:54:39	0.00	0.52	0.00	0.69	0.00	0.00	0.00	0.87	1.20	100.00	42.90	4.53	0	516	0	21	0	0	0	0	537	328.93	3.20	1.25	4.22	11.76	7.45	6.00	5.16	15.01	16.21
5/16/2023 12:54:42	0.00	0.54	0.00	0.75	0.00	0.00	0.00	0.88	1.30	100.00	41.39	4.51	0	542	0	23	0	0	0	0	565	328.55	3.42	1.23	4.43	11.97	7.62	6.23	5.01	15.00	16.19
5/16/2023 12:54:45	0.00	0.50	0.00	0.79	0.00	0.00	0.00	0.87	1.29	100.00	39.81	4.56	0	502	0	24	0	0	0	0	526	328.82	3.38	1.30	4.38	11.92	7.59	6.33	4.86	14.97	16.16
5/16/2023 12:54:48	0.00	0.53	0.00	0.77	0.00	0.00	0.00	0.91	1.30	100.00	38.20	4.65	0	528	0	23	0	0	0	0	551	328.55	3.43	1.24	4.45	12.30	7.63	6.51	4.70	14.94	16.11
5/16/2023 12:54:51	0.00	0.48	0.00	0.88	0.00	0.00	0.00	0.89	1.36	100.00	36.61	4.69	0	482	0	26	0	0	0	0	509	328.83	3.65	1.35	4.49	12.30	7.73	6.64	4.55	14.92	16.15
5/16/2023 12:54:54	0.00	0.49	0.00	0.84	0.00	0.00	0.00	0.90	1.33	100.00	34.83	4.73	0	491	0	25	0	0	0	0	516	328.58	3.58	1.40	4.46	12.28	7.65	6.55	4.37	14.89	16.03
5/16/2023 12:54:57	0.00	0.51	0.00	0.79	0.00	0.00	0.00	0.92	1.30	100.00	33.22	4.77	0	507	0	24	0	0	0	0	531	328.19	3.69	1.27	4.40	12.51	7.63	6.43	4.21	14.85	16.08
5/16/2023 12:55:00	0.00	0.53	0.00	0.79	0.00	0.00	0.00	0.93	1.32	100.00	31.61	4.83	0	531	0	24	0	0	0	0	555	328.14	3.61	1.25	4.50	12.60	7.67	6.59	4.06	14.83	16.02
5/16/2023 12:55:03	0.00	0.48	0.00	0.83	0.00	0.00	0.00	0.92	1.31	100.00	30.01	4.87	0	477	0	25	0	0	0	0	502	328.25	3.78	1.29	4.41	12.64	7.64	6.59	3.90	14.81	16.00
5/16/2023 12:55:06	0.00	0.49	0.00	0.89	0.00	0.00	0.00	0.93	1.38	100.00	28.42	4.95	0	491	0	27	0	0	0	0	517	328.49	3.91	1.37	4.51	12.80	7.81	6.73	3.74	14.79	15.98
5/16/2023 12:55:09	0.00	0.51	0.00	0.93	0.00	0.00	0.00	0.95	1.44	100.00	26.65	5.06	0	511	0	28	0	0	0	0	539	327.95	4.01	1.40	4.62	13.07	7.95	6.93	3.57	14.76	15.97
5/16/2023 12:55:12	0.00	0.42	0.00	1.15	0.00	0.00	0.00	0.95	1.57	100.00	25.06	5.26	0	418	0	35	0	0	0	0	452	327.44	4.42	1.49	4.74	13.46	8.23	7.58	3.41	14.74	15.92
5/16/2023 12:55:15	0.00	0.36	0.00	1.27	0.00	0.00	0.00	0.95	1.63	100.00	23.47	5.44	0	360	0	38	0	0	0	0	398	327.43	4.69	1.61	4.75	13.66	8.34	7.81	3.26	14.70	15.87
5/16/2023 12:55:18	0.00	0.35	0.00	1.36	0.00	0.00	0.00	0.96	1.70	100.00	21.85	5.61	0	345	0	41	0	0	0	0	386	326.90	4.91	1.63	4.89	13.79	8.44	8.05	3.10	14.69	15.92
5/16/2023 12:55:21	0.00	0.25	0.00	1.62	0.00	0.00	0.00	0.95	1.86	100.00	20.25	5.95	0	248	0	48	0	0	0	0	297	327.00	5.35	1.75	5.00	14.10	8.81	8.69	2.94	14.67	15.82
5/16/2023 12:55:24	0.00	0.14	0.13	1.87	0.00	0.00	0.00	0.98	2.15	100.00	18.47	6.33	0	141	60	56	0	0	0	0	257	326.61	6.09	1.87	5.34	14.93	9.06	9.94	2.77	14.64	15.89
5/16/2023 12:55:27	0.00	0.13	0.20	1.91	0.00	0.00	0.00	0.96	2.24	100.00	16.85	6.55	0	135	91	57	0	0	0	0	282	326.93	6.17	1.93	5.40	14.92	9.17	10.15	2.61	14.62	15.87
5/16/2023 12:55:30	0.00	0.09	0.51	1.90	0.00	0.00	0.00	0.94	2.50	100.00	15.24	6.76	0	89	230	57	0	0	0	0	376	326.95	6.52	1.88	5.41	15.15	9.30	10.83	2.45	14.61	15.69
5/16/2023 12:55:33	0.00	0.14	0.87	1.70	0.00	0.00	0.00	0.94	2.72	100.00	13.62	7.11	0	143	392	51	0	0	0	0	586	327.39	6.63	1.86	5.51	15.45	9.20	11.33	2.29	14.58	15.74
5/16/2023 12:55:36	0.19	0.09	1.42	1.57	0.00	0.00	0.00	0.90	3.26	100.00	12.02	7.90	98	87	638	47	0	0	0	0	871	327.04	7.03	1.79	5.55	15.95	9.28	12.67	2.14	14.57	15.71
5/16/2023 12:55:39	0.00	0.45	3.94	0.58	0.00	0.00	0.00	0.81	4.98	100.00	10.22	9.69	0	453	1775	17	0	0	0	0	2246	326.51	8.89	1.66	6.63	17.68	9.19	16.03	1.96	14.55	15.68
5/16/2023 12:55:42	0.74	0.38	3.34	1.06	0.00	0.00	0.00	0.85	5.51	100.00	8.60	10.62	391	382	1502	32	0	0	0	0	2307	326.65	9.11	2.45	7.21	18.97	9.95	17.34	1.80	14.54	15.66
5/16/2023 12:55:45	1.30	0.00	5.17	0.51	0.00	0.00	0.00	0.65	6.98	100.00	6.96	11.21	690	0	2327	15	0	0	0	0	3032	325.97	10.36	1.88	5.94	19.47	9.67	20.95	1.64	14.55	15.66
5/16/2023 12:55:48	1.44	0.00	2.53	1.97	0.00	0.00	0.00	0.99	5.94	100.00	5.32	11.45	762	0	1141	59	0	0	0	0	1962	324.57	10.03	4.16	7.61	21.60	10.58	19.56	1.48	14.53	15.63
5/16/2023 12:55:51	8.54	0.00	0.00	1.15	0.00	0.00	0.00	0.69	9.69	100.00	3.70	11.63	4527	0	0	35	0	0	0	0	4562	328.22	6.43	3.90	8.45	22.67	10.17	23.45	1.32	14.53	15.61
5/16/2023 12:55:54	4.29	0.00	2.95	1.63	0.00	0.00	0.00	0.00	8.87	100.00	1.94	11.82	2275	0	1326	49	0	0	0	0	3650	327.11	8.62	4.74	8.03	12.15	10.58	20.97	1.15	14.54	15.58
5/16/2023 12:55:57	0.00	1.25	0.00	1.87	0.00	0.00	0.00	0.98	3.11	100.00	0.64	11.94	0	1245	0	56	0	0	0	0	1301	329.32	9.47	9.78	10.17	16.55	6.74	6.74	1.02	14.56	15.50
5/16/2023 12:56:00	5.12	1.31	0.00	1.12	0.00	0.00	0.00	0.00	7.55	100.00	0.65	12.01	2713	1310	0	34	0	0	0	0	4057	331.56	3.48	6.34	10.31	9.09	10.08	12.93	1.02	14.58	15.61
5/16/2023 12:56:03	0.00	0.00	0.00	3.21	0.00	0.00	0.00	0.93	3.21	100.00	0.65	12.06	0	0	0	96	0	0	0	0	96	321.03	10.37	6.84	1.86	16.51	12.25	11.26	1.02	14.56	15.58
5/16/2023 12:56:05	0.00	1.48	0.00	0.00	0.00	0.00	0.00	2.73	1.48	100.00	0.60	12.10	0	1483	0	0	0	0	0	0	1483	326.40	9.32	-1.55	9.39	35.43	6.23	12.57	1.02	14.58	15.48
5/16/2023 12:56:09	1.80	0.00	4.60	0.79	0.00	0.00	0.00	0.00	7.19	100.00	0.55	12.03	955	0	2068	24	0	0	0	0	3046	319.40	8.22	5.27	2.33	10.72	10.16	18.50	1.01	14.59	15.47
5/16/2023 12:56:12	7.40	2.30	0.00	0.00	0.00	0.00	0.00	0.00	9.70	100.00	0.54	11.93	3924	2298	0	0	0	0	0	0	6222	322.36	3.88	-3.86	19.00	11.19	4.69	15.07	1.01	14.59	15.50
5/16/2023 12:56:15	0.00	0.67	0.00	2.42	0.00	0.00	0.00	0.54	3.09	100.00	0.52	11.96	0	666	0	73	0	0	0	0	739	333.66	10.64	2.48	7.88	11.32	9.15	5.44	1.01	14.58	15.44
5/16/2023 12:56:17	0.00	0.42	0.00	0.00	0.00	0.00	0.00	1.20	0.42	100.00	0.54	12.00	0	416	0	0	0	0	0	0	416	317.21	2.52	0.65	3.84	15.07	5.06	5.57	1.01	14.59	15.37
5/16/2023 12:56:20	9.70	2.29	0.00	0.35	0.00	0.00	0.00	0.00	12.34	100.00	0.53	12.02	5140	2294	0	11	0	0	0	0	7445	330.77	2.96	4.87	12.67	15.08	15.27	20.52	1.01	14.61	15.32
5/16/2023 12:56:24	9.78	0.00	0.00	0.00	0.00	0.00	0.00	0.00	9.78	100.00	0.52	12.01	5185	0	0	0	0	0	0	0	5185	322.68	-2.43	7.25	7.14	12.92	7.62	20.69	1.01	14.61	15.37
5/16/2023 12:56:26	8.65	0.00	0.00	0.23	0.00	0.00	0.00	0.00	8.88	100.00	0.53	11.88	4586	0	0	7	0	0	0	0	4593	323.71	4.39	0.75	1.17	9.28	9.66	20.73	1.01	14.62	15.36
5/16/2023 12:56:29	0.84	3.87	0.00	0.00	0.00	0.00	0.00	1.68	4.71	100.00	0.53	11.86	445	3871	0	0	0	0	0	0	4316	326.54	4.81	2.40	14.32	23.80	13.11	11.61	1.01	14.64	15.36
5/16/2023 12:56:32	4.27	0.48	0.00	0.00	0.00	0.00	0.00	0.74	4.75	100.00	0.63	11.91	2265	476	0	0	0	0	0	0	2741	325.73	0.93	-0.92	5.72	15.39	8.07	12.59	1.02	14.65	15.34
5/16/2023 12:56:35	0.00	1.22	0.00	0.29	0.00	0.00	0.00	1.27	1.50	100.00	0.69	12.03	0	1219	0	9	0	0	0	0	1228	329.97	7.47	0.84	4.59	17.69	8.93	3.64	1.03	14.66	15.36
5/16/2023 12:56:38	4.17	0.00	2.91	1.47	0.00	0.00	0.00	0.17	8.56	100.00	0.69	12.02	2210	0	1311	44	0	0	0	0	3565	330.63	8.92	3.24	7.75	15.33	10.72	20.02	1.03	14.68	15.29
5/16/2023 12:56:41	0.00	1.21	4.17	0.51	0.00	0.00	0.00	0.86	5.89	100.00	0.69	11.96	0	1212	1876	15	0	0	0	0	3103	337.61	10.53	2.70	9.16	19.24	9.99	16.18	1.03	14.73	15.48
5/16/2023 12:56:44	2.02	0.00	0.00	2.58	0.00	0.00	0.00	0.89	4.60	100.00	0.69	11.97	1069	0	0	77	0	0	0	0	1147	322.41	4.47	8.35	5.43	18.00	12.13	15.08	1.03	14.70	15.24
5/16/2023 12:56:47	0.00	3.73	0.03	0.00	0.00	0.00	0.00	0.63	3.76	68.33	0.03	11.92	0	3728	13	0	0	0	0	0	3742	173.32	11.22	-4.15	12.69	10.37	11.01	-1.22	0.96	14.74	15.26
5/16/2023 12:56:50	0.00	0.76	0.00	0.00	0.00	0.00	0.00	0.44	0.76	92.50	-0.08	11.83	0	765	0	0	0	0	0	0	765	234.60	-14.51	-7.58	17.63	16.08	-7.88	-13.36	0.95	14.73	15.34
5/16/2023 12:56:53	0.00	5.99	0.00	0.19	0.00	0.00	0.00	0.00	6.18	90.30	-0.07	11.69	0	5986	0	6	0	0	0	0	5992	229.02	10.50	3.07	19.79	-0.10	14.43	-2.32	0.95	14.74	15.34
5/16/2023 12:56:56	0.00	3.76	0.00	0.00	0.00	0.00	0.00	0.79	3.76	89.88	-0.08	11.62	0	3757	0	0	0	0	0	0	3757	227.97	3.62	-2.25	14.59	23.98	8.33	-21.55	0.95	14.79	15.29
5/16/2023 12:56:59	0.00	1.48	0.00	0.00	0.00	0.00	0.00	0.06	1.48	92.94	-0.08	11.55	0	1484	0	0	0	0	0	0	1484	235.73	3.02	7.29	5.75	7.21	4.17	-13.59	0.95	14.80	15.26
5/16/2023 12:57:02	0.08	0.41	0.00	0.00	0.00	0.00	0.00	0.00	0.49	100.00	-0.08	11.49	42	407	0	0	0	0	0	0	450	258.53	-5.87	-8.28	2.60	-7.54	9.48	5.44	0.95	14.85	15.24
5/16/2023 12:57:05	5.45	0.89	0.00	0.00	0.00	0.00	0.00	0.14	6.34	98.66	-0.07	11.45	2889	885	0	0	0	0	0	0	3774	250.23	-0.34	0.35	7.59	10.06	8.37	11.41	0.95	14.86	15.24
5/16/2023 12:57:08	5.88	0.00	0.00	0.00	0.00	0.00	0.00	0.00	5.88	98.15	-0.07	11.43	3115	0	0	0	0	0	0	0	3115	248.92	-13.79	2.99	-6.02	-7.62	16.44	26.11	0.95	14.87	15.23
5/16/2023 12:57:11	0.00	0.00	0.00	1.70	0.00	0.00	0.00	0.00	1.70	100.00	-0.06	11.40	0	0	0	51	0	0	0	0	51	277.93	16.72	6.95	-0.40	-12.94	4.25	5.91	0.95	14.89	15.28
5/16/2023 12:57:14	2.62	0.00	0.00	0.00	0.00	0.00	0.00	0.00	2.62	100.00	-0.08	11.35	1390	0	0	0	0	0	0	0	1390	276.68	-17.08	-0.32	-2.49	3.21	10.93	8.02	0.95	14.91	15.26
5/16/2023 12:57:17	4.74	3.08	0.00	0.00	0.00	0.00	0.00	0.00	7.82	100.00	-0.07	11.28	2514	3076	0	0	0	0	0	0	5590	263.31	-13.86	1.30	11.61	1.94	18.94	15.65	0.95	14.92	15.21
5/16/2023 12:57:20	0.00	3.24	0.00	0.00	0.00	0.00	0.00	0.76	3.24	100.00	-0.07	11.26	0	3245	0	0	0	0	0	0	3245	258.42	3.06	-4.40	21.19	12.43	-0.26	2.03	0.95	14.94	15.23
