Date/Time	Green Algae	Bluegreen	Diatoms	Cryptophyta	#5	#6	#7	Yellow substances	Total conc.	Transmission	Depth	Temp. Sample	Green Algae	Bluegreen	Diatoms	Cryptophyta	#5	#6	#7	Yellow substances	Total cell count	Trans. 700 nm	LED 3 [525 nm]	LED 4 [570 nm]	LED 5 [610 nm]	LED 6 [370 nm]	LED 7 [590 nm]	LED 8 [470 nm]	Pressure	Temp. LEDs	Temp. Sensor
date	µg/l	µg/l	µg/l	µg/l	µg/l	µg/l	µg/l	r.u.	µg/l	%	m	°C	cells/ml	cells/ml	cells/ml	cells/ml	cells/ml	cells/ml	cells/ml	r.u.	cells/ml	digits	digits	digits	digits	digits	digits	digits	bar	°C	°C
6/1/2023 11:35:35	0.00	0.07	1.36	0.00	0.00	0.00	0.00	0.00	1.43	99.11	0.00	25.13	0	74	612	0	0	0	0	0	686	251.36	18.11	-11.33	5.04	-14.62	4.61	5.37	0.98	26.21	26.57
6/1/2023 11:35:38	0.00	3.22	0.00	0.00	0.00	0.00	0.00	0.00	3.22	99.06	-0.03	25.12	0	3222	0	0	0	0	0	0	3222	251.22	-1.65	-1.03	19.71	-16.55	5.67	-18.89	0.98	26.28	26.57
6/1/2023 11:35:41	5.22	3.08	0.97	0.00	0.00	0.00	0.00	0.78	9.27	100.00	-0.02	25.13	2765	3083	437	0	0	0	0	0	6285	259.02	6.85	-1.65	17.84	20.40	9.92	17.35	0.98	26.35	26.59
6/1/2023 11:35:44	5.11	4.00	0.00	0.00	0.00	0.00	0.00	0.00	9.11	100.00	-0.01	25.13	2708	4003	0	0	0	0	0	0	6711	260.74	-0.44	-18.93	14.81	7.57	20.78	11.63	0.98	26.42	26.59
6/1/2023 11:35:47	0.00	1.97	0.00	0.00	0.00	0.00	0.00	0.75	1.97	100.00	-0.02	25.13	0	1968	0	0	0	0	0	0	1968	263.92	11.57	-8.24	7.32	13.52	8.03	-6.59	0.98	26.47	26.64
6/1/2023 11:35:50	0.00	6.16	2.75	0.00	0.00	0.00	0.00	0.00	8.91	100.00	-0.03	25.14	0	6156	1239	0	0	0	0	0	7396	262.80	8.03	-2.74	33.34	-2.69	6.03	14.30	0.98	26.53	26.67
6/1/2023 11:35:53	4.49	0.00	0.00	0.00	0.00	0.00	0.00	0.00	4.49	100.00	-0.01	25.12	2382	0	0	0	0	0	0	0	2382	259.52	-11.75	4.30	16.99	3.29	-9.84	13.34	0.98	26.57	26.64
6/1/2023 11:35:56	0.00	4.74	0.00	0.00	0.00	0.00	0.00	0.67	4.74	100.00	-0.04	25.13	0	4741	0	0	0	0	0	0	4741	254.38	-11.73	31.83	15.00	13.72	11.35	1.94	0.97	26.63	26.67
6/1/2023 11:35:59	3.71	2.75	0.00	0.00	0.00	0.00	0.00	0.60	6.46	100.00	-0.03	25.12	1964	2752	0	0	0	0	0	0	4716	261.64	-1.72	-8.10	18.07	14.96	6.78	10.95	0.98	26.68	26.68
6/1/2023 11:36:02	0.00	0.86	4.10	0.00	0.00	0.00	0.00	0.00	4.96	100.00	-0.02	25.13	0	860	1847	0	0	0	0	0	2706	264.43	17.93	-13.63	17.79	2.57	-3.88	8.45	0.98	26.72	26.75
6/1/2023 11:36:05	0.00	2.12	0.00	0.16	0.00	0.00	0.00	0.00	2.28	100.00	0.00	25.14	0	2121	0	5	0	0	0	0	2126	265.39	13.09	6.57	1.37	-5.99	14.70	-10.10	0.98	26.79	26.78
6/1/2023 11:36:08	1.59	0.00	0.00	0.00	0.00	0.00	0.00	0.00	1.59	100.00	0.00	25.12	840	0	0	0	0	0	0	0	840	260.16	-10.97	8.15	-1.16	-0.08	-10.10	10.24	0.98	26.82	26.73
6/1/2023 11:36:11	0.00	1.04	1.66	0.00	0.00	0.00	0.00	0.00	2.69	100.00	-0.04	25.14	0	1037	746	0	0	0	0	0	1783	273.54	10.99	-17.81	3.22	-0.93	12.68	2.46	0.97	26.88	26.81
6/1/2023 11:36:14	0.00	1.30	0.00	0.00	0.00	0.00	0.00	1.09	1.30	100.00	-0.03	25.14	0	1300	0	0	0	0	0	0	1300	267.55	-11.05	-8.96	13.74	19.99	1.49	-1.77	0.98	26.91	26.83
6/1/2023 11:36:17	0.00	0.00	0.00	0.00	0.00	0.00	0.00	0.00	0.00	95.95	-0.05	25.16	0	0	0	0	0	0	0	0	0	243.34	-3.45	19.99	-3.68	-6.02	-3.80	5.34	0.97	26.95	26.83
6/1/2023 11:36:19	0.00	0.00	0.00	0.89	0.00	0.00	0.00	0.00	0.89	100.00	-0.05	25.17	0	0	0	27	0	0	0	0	27	260.82	29.75	15.04	9.48	-17.25	-2.49	-11.71	0.97	26.99	26.81
6/1/2023 11:36:23	0.00	0.00	1.80	0.00	0.00	0.00	0.00	0.00	1.80	100.00	-0.03	25.17	0	0	812	0	0	0	0	0	812	260.14	21.31	-4.80	9.54	-1.80	-8.15	-1.60	0.98	27.03	26.88
6/1/2023 11:36:26	0.00	0.00	0.00	4.38	0.00	0.00	0.00	0.00	4.38	100.00	-0.04	25.18	0	0	0	131	0	0	0	0	131	281.70	19.33	-1.44	5.07	-7.60	19.35	8.36	0.97	27.04	26.84
6/1/2023 11:36:28	0.00	7.92	0.00	0.00	0.00	0.00	0.00	0.00	7.92	100.00	0.01	25.18	0	7918	0	0	0	0	0	0	7918	260.71	9.09	7.89	29.31	-41.00	23.06	-15.88	0.98	27.10	26.86
6/1/2023 11:36:31	0.00	1.15	0.00	0.00	0.00	0.00	0.00	0.25	1.15	100.00	-0.05	25.19	0	1152	0	0	0	0	0	0	1152	291.60	-1.09	3.32	6.87	7.20	3.28	-6.62	0.97	27.14	26.88
6/1/2023 11:36:34	4.14	0.19	0.00	0.00	0.00	0.00	0.00	0.00	4.33	100.00	-0.02	25.20	2195	192	0	0	0	0	0	0	2387	277.37	-12.04	-2.15	0.37	-5.38	16.89	16.98	0.98	27.15	26.89
6/1/2023 11:36:38	1.42	0.75	0.00	0.00	0.00	0.00	0.00	0.00	2.18	100.00	-0.04	25.21	753	755	0	0	0	0	0	0	1508	261.83	-5.55	-7.79	7.62	-2.34	6.14	6.26	0.97	27.18	26.89
6/1/2023 11:36:40	0.00	2.65	0.00	0.90	0.00	0.00	0.00	0.00	3.55	100.00	-0.05	25.21	0	2653	0	27	0	0	0	0	2679	278.26	6.60	20.16	16.31	-14.61	3.61	7.38	0.97	27.23	26.93
6/1/2023 11:36:43	0.00	5.66	0.00	0.00	0.00	0.00	0.00	0.00	5.66	100.00	-0.06	25.21	0	5655	0	0	0	0	0	0	5655	264.90	-3.07	2.61	14.02	2.75	20.96	-2.51	0.97	27.24	26.93
6/1/2023 11:36:46	0.00	2.84	0.00	1.97	0.00	0.00	0.00	0.00	4.81	100.00	-0.05	25.21	0	2836	0	59	0	0	0	0	2895	258.31	13.16	2.46	1.30	-2.12	27.72	-4.87	0.97	27.29	26.94
6/1/2023 11:36:49	0.00	1.02	0.00	1.40	0.00	0.00	0.00	0.00	2.42	100.00	-0.04	25.21	0	1023	0	42	0	0	0	0	1065	270.91	8.07	13.56	2.00	-7.17	13.54	-1.38	0.97	27.32	26.99
6/1/2023 11:36:52	0.66	5.11	0.00	0.00	0.00	0.00	0.00	0.00	5.78	100.00	-0.05	25.22	352	5111	0	0	0	0	0	0	5463	270.80	-13.94	-8.75	21.28	-0.38	15.15	6.05	0.97	27.34	26.99
6/1/2023 11:36:55	0.00	7.01	0.00	0.00	0.00	0.00	0.00	0.00	7.01	100.00	-0.04	25.20	0	7009	0	0	0	0	0	0	7009	266.08	-5.56	4.51	19.41	-0.18	23.09	-0.44	0.97	27.38	27.01
6/1/2023 11:36:58	1.49	0.00	0.00	0.98	0.00	0.00	0.00	0.00	2.47	100.00	-0.04	25.21	789	0	0	29	0	0	0	0	818	271.60	-6.10	5.25	-5.38	1.22	16.41	7.52	0.97	27.40	27.01
6/1/2023 11:37:01	9.44	0.00	0.00	4.83	0.00	0.00	0.00	0.00	14.27	100.00	-0.06	25.21	5003	0	0	145	0	0	0	0	5148	261.92	12.50	20.24	8.61	18.11	14.51	33.85	0.97	27.42	27.02
6/1/2023 11:37:04	0.00	3.25	0.00	0.00	0.00	0.00	0.00	0.00	3.25	100.00	-0.05	25.21	0	3245	0	0	0	0	0	0	3245	270.22	-4.64	19.35	27.04	-25.79	-5.03	5.42	0.97	27.44	27.01
6/1/2023 11:37:07	0.00	3.42	0.00	0.00	0.00	0.00	0.00	0.00	3.42	100.00	-0.06	25.23	0	3423	0	0	0	0	0	0	3423	291.14	-1.99	-1.16	19.16	-23.41	9.13	-14.35	0.97	27.46	27.04
6/1/2023 11:37:10	0.00	0.46	0.00	1.84	0.00	0.00	0.00	0.00	2.30	98.89	-0.05	25.23	0	458	0	55	0	0	0	0	513	250.80	1.45	0.82	0.36	1.22	16.20	2.94	0.97	27.49	27.07
6/1/2023 11:37:13	0.00	4.05	0.00	0.00	0.00	0.00	0.00	0.00	4.05	100.00	-0.07	25.24	0	4048	0	0	0	0	0	0	4048	289.61	1.10	-3.51	6.36	-3.39	22.79	-4.42	0.97	27.49	27.09
6/1/2023 11:37:16	0.55	3.61	0.00	0.00	0.00	0.00	0.00	0.00	4.16	100.00	-0.05	25.24	292	3615	0	0	0	0	0	0	3906	269.42	-2.04	-10.54	15.84	-0.37	10.70	3.29	0.97	27.53	27.09
6/1/2023 11:37:19	0.00	2.00	0.00	0.00	0.00	0.00	0.00	0.37	2.00	100.00	-0.07	25.23	0	1998	0	0	0	0	0	0	1998	260.07	-5.41	4.92	5.63	10.39	10.23	-7.18	0.97	27.56	27.10
6/1/2023 11:37:22	4.43	0.00	0.00	0.00	0.00	0.00	0.00	0.00	4.43	98.78	-0.05	25.26	2347	0	0	0	0	0	0	0	2347	250.53	-1.30	3.30	1.21	3.07	6.48	11.42	0.97	27.56	27.09
6/1/2023 11:37:25	0.00	2.27	0.77	0.00	0.00	0.00	0.00	0.00	3.04	100.00	-0.06	25.26	0	2265	347	0	0	0	0	0	2612	272.47	2.45	-10.54	19.52	-7.34	-0.21	8.54	0.97	27.60	27.12
6/1/2023 11:37:28	0.00	2.72	0.00	0.00	0.00	0.00	0.00	0.00	2.72	97.05	-0.06	25.26	0	2719	0	0	0	0	0	0	2719	246.13	-6.33	3.38	6.30	-15.83	18.42	-1.94	0.97	27.61	27.12
6/1/2023 11:37:31	0.00	4.75	0.00	0.00	0.00	0.00	0.00	0.00	4.75	100.00	-0.08	25.27	0	4752	0	0	0	0	0	0	4752	261.00	-5.82	10.80	19.85	-11.87	11.77	-16.96	0.97	27.65	27.12
6/1/2023 11:37:34	7.92	3.39	0.00	0.00	0.00	0.00	0.00	0.00	11.32	100.00	-0.06	25.28	4200	3394	0	0	0	0	0	0	7594	271.85	-0.30	3.94	17.84	4.41	14.13	22.30	0.97	27.68	27.17
6/1/2023 11:37:37	0.00	0.96	0.00	0.00	0.00	0.00	0.00	1.20	0.96	100.00	-0.07	25.27	0	955	0	0	0	0	0	0	955	264.85	-18.17	-10.94	12.12	19.73	3.88	4.08	0.97	27.70	27.20
6/1/2023 11:37:40	1.29	0.00	0.00	0.00	0.00	0.00	0.00	0.00	1.29	100.00	-0.06	25.28	686	0	0	0	0	0	0	0	686	280.36	-19.11	-2.39	8.23	-0.18	-4.50	7.53	0.97	27.71	27.20
6/1/2023 11:37:43	6.23	1.90	0.00	0.00	0.00	0.00	0.00	0.00	8.13	100.00	-0.07	25.28	3301	1903	0	0	0	0	0	0	5204	271.69	-6.87	-10.68	28.37	9.79	-6.86	14.11	0.97	27.72	27.18
6/1/2023 11:37:46	0.00	8.71	0.00	0.00	0.00	0.00	0.00	0.00	8.71	100.00	-0.06	25.28	0	8706	0	0	0	0	0	0	8706	263.43	-5.50	23.26	37.08	-1.24	8.51	-12.61	0.97	27.74	27.20
6/1/2023 11:37:49	0.44	0.41	1.85	1.88	0.00	0.00	0.00	0.00	4.58	100.00	-0.07	25.28	235	406	833	56	0	0	0	0	1530	256.65	5.28	2.14	9.11	-3.28	9.94	16.84	0.97	27.76	27.23
6/1/2023 11:37:52	0.00	2.40	0.00	2.31	0.00	0.00	0.00	0.00	4.72	100.00	-0.07	25.29	0	2405	0	69	0	0	0	0	2474	273.13	14.20	15.11	5.41	-4.79	19.82	-2.63	0.97	27.79	27.22
6/1/2023 11:37:55	0.00	1.59	0.00	0.00	0.00	0.00	0.00	0.00	1.59	100.00	-0.07	25.27	0	1588	0	0	0	0	0	0	1588	272.28	-5.81	5.96	5.73	-7.58	9.71	3.33	0.97	27.78	27.25
6/1/2023 11:37:58	0.91	2.80	0.00	0.00	0.00	0.00	0.00	0.00	3.71	100.00	-0.06	25.30	482	2798	0	0	0	0	0	0	3281	263.54	-2.10	-6.16	17.85	-15.52	6.59	14.68	0.97	27.81	27.22
6/1/2023 11:38:01	0.00	0.32	0.00	0.00	0.00	0.00	0.00	0.00	0.32	100.00	-0.06	25.28	0	317	0	0	0	0	0	0	317	269.45	-2.15	11.43	13.59	-22.40	-5.29	-0.98	0.97	27.81	27.25
6/1/2023 11:38:04	0.00	6.27	0.00	0.00	0.00	0.00	0.00	0.99	6.27	100.00	-0.07	25.28	0	6268	0	0	0	0	0	0	6268	264.64	4.35	1.00	26.75	18.80	8.89	-0.58	0.97	27.84	27.28
6/1/2023 11:38:07	0.00	2.87	0.00	0.00	0.00	0.00	0.00	0.00	2.87	98.10	-0.07	25.27	0	2875	0	0	0	0	0	0	2875	248.80	16.35	-10.03	19.73	-5.68	-1.49	-13.13	0.97	27.86	27.25
6/1/2023 11:38:10	0.00	0.00	0.00	0.00	0.00	0.00	0.00	0.00	0.00	100.00	-0.05	25.28	0	0	0	0	0	0	0	0	0	273.38	-5.80	2.40	2.52	-9.11	3.19	-8.38	0.97	27.87	27.28
6/1/2023 11:38:13	0.00	4.58	0.00	0.71	0.00	0.00	0.00	0.00	5.29	100.00	-0.05	25.28	0	4578	0	21	0	0	0	0	4599	267.23	-4.32	-8.33	-1.25	-18.22	44.00	8.93	0.97	27.87	27.33
6/1/2023 11:38:16	0.00	5.84	0.00	0.00	0.00	0.00	0.00	0.00	5.84	100.00	-0.05	25.28	0	5841	0	0	0	0	0	0	5841	276.22	18.05	10.05	20.79	-18.33	12.81	-0.49	0.97	27.93	27.30
6/1/2023 11:38:19	0.00	2.26	0.00	0.00	0.00	0.00	0.00	0.00	2.26	100.00	-0.05	25.27	0	2257	0	0	0	0	0	0	2257	266.73	9.31	19.20	17.14	0.39	-7.77	-7.68	0.97	27.93	27.34
6/1/2023 11:38:22	0.00	9.21	0.00	0.00	0.00	0.00	0.00	0.00	9.21	99.28	-0.05	25.27	0	9206	0	0	0	0	0	0	9206	251.79	2.39	-4.87	33.48	2.82	18.38	-8.71	0.97	27.94	27.34
6/1/2023 11:38:25	0.00	3.59	0.00	0.00	0.00	0.00	0.00	0.23	3.59	100.00	-0.08	25.26	0	3594	0	0	0	0	0	0	3594	263.33	0.09	-1.86	12.17	5.01	11.96	-0.06	0.97	27.96	27.34
6/1/2023 11:38:28	0.00	5.12	0.00	0.00	0.00	0.00	0.00	0.00	5.12	100.00	-0.09	25.27	0	5118	0	0	0	0	0	0	5118	265.05	-0.78	5.31	19.10	-3.71	11.98	4.25	0.97	27.97	27.38
6/1/2023 11:38:31	1.49	3.03	0.00	0.00	0.00	0.00	0.00	0.00	4.52	100.00	-0.09	25.28	789	3027	0	0	0	0	0	0	3816	263.00	-11.68	2.89	18.31	0.38	5.04	6.77	0.97	27.98	27.38
6/1/2023 11:38:34	0.00	0.00	4.26	0.41	0.00	0.00	0.00	0.13	4.67	100.00	-0.09	25.29	0	0	1917	12	0	0	0	0	1929	269.23	8.67	-1.18	-0.69	8.82	10.60	12.58	0.97	27.98	27.41
6/1/2023 11:38:37	0.00	5.06	0.00	0.00	0.00	0.00	0.00	0.00	5.06	100.00	-0.09	25.32	0	5056	0	0	0	0	0	0	5056	273.35	-6.37	-3.55	16.08	-3.27	18.41	-3.09	0.97	28.01	27.41
6/1/2023 11:38:40	0.00	1.76	0.00	0.00	0.00	0.00	0.00	0.76	1.76	100.00	-0.09	25.32	0	1758	0	0	0	0	0	0	1758	256.96	-0.83	-0.83	6.61	10.23	9.46	4.21	0.97	28.01	27.42
6/1/2023 11:38:43	0.00	0.00	0.00	0.94	0.00	0.00	0.00	0.00	0.94	99.49	-0.09	25.33	0	0	0	28	0	0	0	0	28	252.32	0.45	-1.49	-0.60	-10.24	11.51	7.95	0.97	28.02	27.39
6/1/2023 11:38:46	0.00	5.16	0.00	1.04	0.00	0.00	0.00	0.00	6.20	100.00	-0.07	25.34	0	5156	0	31	0	0	0	0	5187	258.73	3.21	11.89	17.51	0.94	16.11	2.92	0.97	28.02	27.39
6/1/2023 11:38:48	0.00	3.60	0.00	0.00	0.00	0.00	0.00	0.00	3.60	100.00	-0.08	25.35	0	3599	0	0	0	0	0	0	3599	270.22	6.72	3.96	12.26	2.01	9.12	-8.06	0.97	28.06	27.44
6/1/2023 11:38:52	0.00	1.27	0.00	1.10	0.00	0.00	0.00	0.00	2.37	100.00	-0.09	25.35	0	1271	0	33	0	0	0	0	1304	254.90	6.84	11.12	10.91	0.27	1.46	0.59	0.97	28.07	27.41
6/1/2023 11:38:55	0.00	0.17	0.00	0.00	0.00	0.00	0.00	0.00	0.17	100.00	-0.09	25.36	0	174	0	0	0	0	0	0	174	262.26	-3.10	-3.42	5.34	-5.41	2.85	-2.08	0.97	28.07	27.41
6/1/2023 11:38:57	0.00	2.28	0.00	0.73	0.00	0.00	0.00	0.00	3.00	100.00	-0.09	25.37	0	2278	0	22	0	0	0	0	2299	253.98	2.79	-0.34	8.48	-0.49	11.65	2.20	0.97	28.08	27.42
6/1/2023 11:39:00	0.00	5.36	0.00	0.00	0.00	0.00	0.00	0.00	5.36	100.00	-0.09	25.37	0	5358	0	0	0	0	0	0	5358	261.97	3.89	-0.53	19.24	1.34	12.29	-2.11	0.97	28.10	27.46
6/1/2023 11:39:03	0.00	4.61	0.00	0.00	0.00	0.00	0.00	0.19	4.61	100.00	-0.08	25.37	0	4606	0	0	0	0	0	0	4606	257.47	-3.35	0.43	15.09	5.89	14.20	-0.65	0.97	28.13	27.44
6/1/2023 11:39:07	0.00	2.18	0.00	0.00	0.00	0.00	0.00	0.00	2.18	100.00	-0.08	25.37	0	2181	0	0	0	0	0	0	2181	261.57	0.17	-3.03	10.44	0.01	6.24	-3.82	0.97	28.12	27.46
6/1/2023 11:39:09	0.00	2.43	0.00	0.00	0.00	0.00	0.00	0.17	2.43	100.00	-0.09	25.39	0	2433	0	0	0	0	0	0	2433	261.88	1.54	-1.76	6.58	3.10	11.88	-0.21	0.97	28.13	27.47
6/1/2023 11:39:12	0.00	2.16	0.00	0.00	0.00	0.00	0.00	0.00	2.16	99.87	-0.09	25.38	0	2160	0	0	0	0	0	0	2160	253.30	0.82	2.85	10.05	-2.31	5.87	-3.47	0.97	28.13	27.54
6/1/2023 11:39:15	6.04	0.74	0.00	0.00	0.00	0.00	0.00	0.00	6.78	98.43	0.08	23.33	3201	742	0	0	0	0	0	0	3944	249.63	1.93	-1.05	8.95	5.64	6.90	13.93	0.99	28.14	27.54
6/1/2023 11:39:18	8.57	0.00	3.30	0.00	0.00	0.00	0.00	0.02	11.87	100.00	0.18	20.79	4544	0	1484	0	0	0	0	0	6028	326.02	7.85	0.26	6.46	18.07	11.05	25.82	1.00	28.17	27.52
6/1/2023 11:39:21	9.18	0.00	2.29	0.00	0.00	0.00	0.00	0.34	11.47	100.00	0.21	20.41	4864	0	1032	0	0	0	0	0	5896	324.95	7.22	-0.63	5.69	21.05	9.91	26.94	1.00	28.17	27.55
6/1/2023 11:39:24	4.10	0.00	6.64	0.00	0.00	0.00	0.00	0.00	10.74	100.00	0.22	20.74	2173	0	2987	0	0	0	0	0	5160	325.73	11.10	0.49	5.69	16.41	7.15	27.19	1.00	28.16	27.52
6/1/2023 11:39:27	0.11	0.00	9.26	0.00	0.00	0.00	0.00	0.00	9.37	100.00	0.30	20.48	60	0	4166	0	0	0	0	0	4226	325.55	13.69	0.30	5.48	15.22	9.55	25.34	1.01	28.16	27.55
6/1/2023 11:39:30	6.87	0.00	3.78	0.00	0.00	0.00	0.00	0.07	10.65	100.00	0.41	19.49	3643	0	1699	0	0	0	0	0	5342	325.82	7.79	3.81	6.49	17.17	8.57	24.18	1.02	28.15	27.52
6/1/2023 11:39:33	5.83	0.00	4.88	0.00	0.00	0.00	0.00	0.00	10.71	100.00	0.43	19.28	3089	0	2195	0	0	0	0	0	5284	326.56	8.95	-0.00	7.08	14.33	6.61	26.86	1.02	28.16	27.57
6/1/2023 11:39:36	8.90	0.00	2.34	0.00	0.00	0.00	0.00	0.06	11.24	100.00	0.50	19.32	4717	0	1052	0	0	0	0	0	5770	328.42	6.38	-0.57	3.41	16.74	6.09	26.55	1.03	28.12	27.57
6/1/2023 11:39:39	2.91	0.00	7.16	0.00	0.00	0.00	0.00	0.28	10.06	100.00	0.63	19.08	1540	0	3220	0	0	0	0	0	4760	325.45	12.13	-1.29	3.55	19.46	12.48	26.77	1.04	28.12	27.60
6/1/2023 11:39:42	0.00	0.00	7.67	0.00	0.00	0.00	0.00	1.02	7.67	100.00	0.56	18.98	0	0	3451	0	0	0	0	0	3451	289.57	14.35	-6.57	-0.72	24.59	8.82	28.66	1.03	28.12	27.59
6/1/2023 11:39:45	7.11	0.00	3.46	0.00	0.00	0.00	0.00	0.00	10.57	100.00	0.40	18.89	3766	0	1557	0	0	0	0	0	5323	326.64	7.02	-2.33	4.69	11.85	5.96	27.87	1.02	28.11	27.59
6/1/2023 11:39:48	9.60	0.00	1.18	2.28	0.00	0.00	0.00	0.00	13.05	100.00	0.47	18.62	5086	0	529	68	0	0	0	0	5683	328.92	9.42	5.00	10.02	19.38	13.85	27.41	1.02	28.14	27.62
6/1/2023 11:39:51	0.94	0.00	5.98	0.00	0.00	0.00	0.00	0.92	6.93	100.00	0.29	18.72	500	0	2693	0	0	0	0	0	3193	331.69	10.72	2.23	3.32	22.58	8.93	23.67	1.01	28.11	27.62
6/1/2023 11:39:54	4.77	0.00	6.66	0.00	0.00	0.00	0.00	0.01	11.43	100.00	0.33	19.06	2530	0	2995	0	0	0	0	0	5526	320.47	11.50	1.81	7.15	18.47	10.84	26.87	1.01	28.08	27.60
6/1/2023 11:39:57	11.53	0.00	0.47	0.00	0.00	0.00	0.00	0.00	11.99	100.00	0.32	18.96	6109	0	210	0	0	0	0	0	6320	313.83	3.64	1.69	4.57	12.93	8.71	28.36	1.01	28.07	27.67
6/1/2023 11:40:00	6.42	1.01	0.00	0.00	0.00	0.00	0.00	0.76	7.43	100.00	0.28	18.81	3402	1009	0	0	0	0	0	0	4411	299.96	1.60	2.14	6.85	19.23	11.65	17.10	1.01	28.07	27.65
6/1/2023 11:40:03	0.00	0.00	8.68	0.00	0.00	0.00	0.00	0.00	8.68	100.00	0.27	18.86	0	0	3908	0	0	0	0	0	3908	317.98	23.78	6.88	13.67	14.17	-8.77	19.01	1.00	28.06	27.68
6/1/2023 11:40:06	0.12	0.00	6.96	0.00	0.00	0.00	0.00	0.13	7.08	100.00	0.26	19.06	62	0	3133	0	0	0	0	0	3195	332.70	11.57	-1.53	17.13	13.27	-23.78	24.17	1.00	28.04	27.63
6/1/2023 11:40:09	0.00	2.42	6.41	0.00	0.00	0.00	0.00	0.47	8.83	100.00	0.26	19.29	0	2424	2885	0	0	0	0	0	5309	331.61	15.76	-2.81	15.53	18.69	9.85	17.19	1.00	28.02	27.63
6/1/2023 11:40:12	1.36	0.00	8.95	0.52	0.00	0.00	0.00	0.00	10.83	100.00	0.27	19.41	719	0	4030	16	0	0	0	0	4764	329.65	14.94	-17.87	-6.06	13.42	26.95	31.43	1.01	28.01	27.62
6/1/2023 11:40:15	0.00	0.00	8.97	0.00	0.00	0.00	0.00	0.00	8.97	100.00	0.26	19.36	0	0	4036	0	0	0	0	0	4036	341.45	13.93	0.53	4.29	9.55	8.40	27.76	1.00	27.97	27.68
6/1/2023 11:40:18	0.00	0.00	11.31	0.57	0.00	0.00	0.00	0.00	11.89	100.00	0.23	19.24	0	0	5091	17	0	0	0	0	5109	336.51	20.13	2.74	-12.31	17.50	21.99	34.04	1.00	27.99	27.67
6/1/2023 11:40:21	0.00	0.00	8.38	0.00	0.00	0.00	0.00	0.00	8.38	100.00	0.24	19.23	0	0	3769	0	0	0	0	0	3769	331.43	18.24	1.07	4.67	12.15	3.02	21.68	1.00	27.96	27.63
6/1/2023 11:40:24	8.58	0.00	0.00	0.00	0.00	0.00	0.00	0.00	8.58	100.00	0.22	19.20	4546	0	0	0	0	0	0	0	4546	344.82	-1.33	1.41	7.84	0.77	5.95	25.95	1.00	27.93	27.63
6/1/2023 11:40:27	12.61	0.00	0.84	0.00	0.00	0.00	0.00	0.00	13.45	100.00	0.17	19.14	6682	0	378	0	0	0	0	0	7060	317.74	5.67	-1.53	7.82	18.95	4.03	29.39	1.00	27.92	27.65
6/1/2023 11:40:30	13.21	1.02	0.00	0.84	0.00	0.00	0.00	0.16	15.07	100.00	0.17	19.22	7003	1022	0	25	0	0	0	0	8050	330.35	6.55	1.82	11.88	23.07	15.52	28.97	1.00	27.91	27.60
6/1/2023 11:40:33	0.00	0.00	7.59	0.00	0.00	0.00	0.00	0.37	7.59	100.00	0.16	19.28	0	0	3417	0	0	0	0	0	3417	334.64	11.64	4.90	4.09	17.34	8.60	22.38	0.99	27.89	27.65
6/1/2023 11:40:36	2.61	0.00	0.80	0.00	0.00	0.00	0.00	2.27	3.41	100.00	0.17	19.36	1384	0	358	0	0	0	0	0	1742	327.68	7.73	-15.41	2.40	31.89	3.96	23.20	1.00	27.86	27.59
6/1/2023 11:40:39	11.45	2.65	2.36	0.00	0.00	0.00	0.00	0.00	16.47	100.00	0.15	19.41	6071	2652	1062	0	0	0	0	0	9785	324.88	8.38	3.47	18.73	18.99	14.27	31.13	0.99	27.83	27.62
6/1/2023 11:40:42	11.24	0.00	0.00	0.00	0.00	0.00	0.00	0.00	11.24	100.00	0.17	19.42	5957	0	0	0	0	0	0	0	5957	334.65	-6.60	-5.51	6.38	16.28	-0.33	26.73	1.00	27.81	27.62
6/1/2023 11:40:45	3.49	0.00	0.00	0.00	0.00	0.00	0.00	1.72	3.49	100.00	0.18	19.40	1851	0	0	0	0	0	0	0	1851	330.91	2.86	-4.70	0.48	25.47	5.20	19.27	1.00	27.77	27.62
6/1/2023 11:40:48	0.00	0.00	10.07	0.00	0.00	0.00	0.00	0.00	10.07	100.00	0.19	19.24	0	0	4531	0	0	0	0	0	4531	346.13	16.91	9.86	9.33	15.14	3.80	26.96	1.00	27.76	27.62
6/1/2023 11:40:51	7.53	0.00	2.51	0.00	0.00	0.00	0.00	0.00	10.03	100.00	0.20	19.09	3989	0	1129	0	0	0	0	0	5118	333.55	4.17	-5.24	-9.13	5.19	7.70	33.72	1.00	27.71	27.57
6/1/2023 11:40:54	4.26	0.00	0.00	1.78	0.00	0.00	0.00	0.00	6.03	100.00	0.21	19.15	2256	0	0	53	0	0	0	0	2309	316.75	-0.93	13.88	1.43	2.67	11.45	17.97	1.00	27.70	27.57
6/1/2023 11:40:57	0.00	0.00	0.00	0.00	0.00	0.00	0.00	2.90	0.00	100.00	0.21	19.23	0	0	0	0	0	0	0	0	0	338.89	1.78	15.08	-3.73	35.82	3.62	18.03	1.00	27.67	27.55
6/1/2023 11:41:00	0.00	0.01	1.91	0.00	0.00	0.00	0.00	1.56	1.91	100.00	0.21	19.31	0	7	857	0	0	0	0	0	865	330.31	10.69	3.54	9.43	23.36	-2.42	10.87	1.00	27.64	27.62
6/1/2023 11:41:03	5.19	0.00	7.05	0.00	0.00	0.00	0.00	0.21	12.25	100.00	0.21	19.38	2753	0	3173	0	0	0	0	0	5926	334.04	11.83	4.64	1.06	21.35	10.01	32.66	1.00	27.63	27.60
6/1/2023 11:41:06	8.32	0.00	0.00	0.00	0.00	0.00	0.00	1.60	8.32	100.00	0.21	19.37	4410	0	0	0	0	0	0	0	4410	347.12	5.80	1.41	6.00	31.24	1.61	28.25	1.00	27.60	27.57
6/1/2023 11:41:09	12.29	0.00	0.00	0.11	0.00	0.00	0.00	0.00	12.40	100.00	0.23	19.32	6515	0	0	3	0	0	0	0	6518	325.06	3.27	14.95	-5.08	12.39	10.11	31.36	1.00	27.57	27.57
6/1/2023 11:41:12	3.02	0.37	0.00	3.62	0.00	0.00	0.00	0.61	7.01	100.00	0.24	19.08	1600	371	0	109	0	0	0	0	2079	322.35	8.06	3.10	7.84	17.65	17.30	17.77	1.00	27.55	27.55
6/1/2023 11:41:15	0.00	0.00	11.97	0.00	0.00	0.00	0.00	0.00	11.97	100.00	0.24	18.93	0	0	5386	0	0	0	0	0	5386	307.09	20.74	5.34	15.18	8.72	-1.64	39.12	1.00	27.50	27.52
6/1/2023 11:41:17	7.92	0.92	3.67	0.00	0.00	0.00	0.00	0.00	12.51	100.00	0.25	18.85	4200	917	1651	0	0	0	0	0	6768	330.04	8.65	2.92	15.23	17.02	6.33	26.10	1.00	27.47	27.54
6/1/2023 11:41:21	6.88	0.13	1.21	0.00	0.00	0.00	0.00	0.48	8.22	100.00	0.25	18.78	3645	128	546	0	0	0	0	0	4318	325.03	5.34	1.77	10.19	18.13	3.98	19.30	1.00	27.45	27.52
6/1/2023 11:41:24	0.00	0.00	4.66	0.00	0.00	0.00	0.00	1.21	4.66	100.00	0.21	18.89	0	0	2098	0	0	0	0	0	2098	335.83	18.66	8.27	-2.95	23.14	-2.10	16.99	1.00	27.42	27.51
6/1/2023 11:41:26	11.53	0.00	0.00	0.00	0.00	0.00	0.00	0.00	11.53	100.00	0.25	19.06	6110	0	0	0	0	0	0	0	6110	309.02	-2.28	3.90	-3.59	9.52	10.71	31.36	1.00	27.39	27.52
6/1/2023 11:41:29	0.00	4.22	0.00	1.56	0.00	0.00	0.00	0.00	5.78	100.00	0.28	19.03	0	4221	0	47	0	0	0	0	4267	265.03	8.20	5.62	11.93	5.17	19.33	-1.86	1.01	27.36	27.47
6/1/2023 11:41:32	19.03	0.00	0.00	0.00	0.00	0.00	0.00	0.00	19.03	100.00	0.26	18.93	10084	0	0	0	0	0	0	0	10084	318.16	3.45	-8.76	-0.83	16.21	20.88	48.50	1.00	27.33	27.51
6/1/2023 11:41:35	0.00	0.00	7.34	1.81	0.00	0.00	0.00	0.42	9.15	100.00	0.27	18.93	0	0	3302	54	0	0	0	0	3356	303.36	26.88	-4.32	0.27	21.36	15.59	20.31	1.00	27.30	27.49
6/1/2023 11:41:38	0.00	0.00	4.64	6.81	0.00	0.00	0.00	0.00	11.44	100.00	0.29	19.01	0	0	2086	204	0	0	0	0	2290	264.89	22.11	-1.41	9.88	8.09	27.29	34.47	1.01	27.27	27.42
6/1/2023 11:41:41	0.00	0.00	9.57	0.00	0.00	0.00	0.00	0.00	9.57	100.00	0.29	18.97	0	0	4308	0	0	0	0	0	4308	270.02	14.95	-1.40	-1.72	11.91	8.38	30.17	1.01	27.25	27.46
6/1/2023 11:41:44	2.12	0.00	2.80	0.31	0.00	0.00	0.00	0.00	5.24	85.78	0.28	18.88	1123	0	1261	9	0	0	0	0	2393	217.57	5.19	-0.78	3.94	6.35	8.55	13.16	1.01	27.19	27.44
6/1/2023 11:41:47	3.76	0.00	9.15	0.00	0.00	0.00	0.00	0.00	12.92	100.00	0.26	18.85	1995	0	4119	0	0	0	0	0	6114	350.95	13.88	-6.39	-6.93	16.29	2.25	41.90	1.00	27.18	27.47
6/1/2023 11:41:50	0.88	2.74	4.96	0.00	0.00	0.00	0.00	0.00	8.58	100.00	0.26	18.96	464	2740	2232	0	0	0	0	0	5436	322.39	8.48	-10.66	13.82	0.54	16.81	21.89	1.00	27.15	27.42
6/1/2023 11:41:53	11.54	0.00	0.00	0.00	0.00	0.00	0.00	0.00	11.54	100.00	0.25	19.05	6116	0	0	0	0	0	0	0	6116	323.15	-0.33	-4.46	3.55	14.06	0.85	28.66	1.00	27.14	27.42
6/1/2023 11:41:56	4.66	0.00	2.82	0.12	0.00	0.00	0.00	0.00	7.60	100.00	0.27	19.12	2468	0	1269	4	0	0	0	0	3741	282.66	5.04	-2.06	6.90	3.83	9.46	22.01	1.01	27.09	27.41
6/1/2023 11:41:59	11.02	1.83	0.00	0.00	0.00	0.00	0.00	0.00	12.85	83.30	0.31	19.07	5843	1827	0	0	0	0	0	0	7670	211.26	-1.10	2.36	17.84	10.77	8.93	26.85	1.01	27.06	27.42
6/1/2023 11:42:02	6.27	0.00	0.26	0.00	0.00	0.00	0.00	0.00	6.53	85.70	0.34	18.95	3324	0	116	0	0	0	0	0	3440	217.36	1.70	-1.97	2.05	4.74	-1.43	19.13	1.01	27.04	27.41
6/1/2023 11:42:05	2.41	0.00	0.00	3.67	0.00	0.00	0.00	0.00	6.08	85.67	0.81	18.42	1277	0	0	110	0	0	0	0	1387	217.29	8.54	4.59	1.55	4.68	14.76	17.23	1.06	27.01	27.36
6/1/2023 11:42:08	4.34	0.00	7.48	0.84	0.00	0.00	0.00	0.26	12.65	100.00	1.80	17.48	2300	0	3364	25	0	0	0	0	5689	326.26	14.33	7.68	8.24	23.74	11.67	31.94	1.15	26.96	27.38
6/1/2023 11:42:11	5.54	0.00	9.33	0.00	0.00	0.00	0.00	0.58	14.87	100.00	2.78	16.99	2937	0	4197	0	0	0	0	0	7134	327.78	16.49	3.53	4.47	30.76	11.58	41.15	1.25	26.93	27.30
6/1/2023 11:42:14	3.00	0.00	13.44	0.00	0.00	0.00	0.00	0.16	16.44	100.00	3.19	16.88	1592	0	6046	0	0	0	0	0	7638	321.24	21.08	3.42	6.73	29.05	8.79	45.00	1.29	26.88	27.30
6/1/2023 11:42:17	4.91	0.00	16.84	0.00	0.00	0.00	0.00	0.27	21.75	100.00	4.48	15.83	2604	0	7579	0	0	0	0	0	10183	323.08	27.35	3.65	10.52	39.71	15.83	57.10	1.42	26.88	27.33
6/1/2023 11:42:20	11.99	0.00	17.64	0.00	0.00	0.00	0.00	0.00	29.63	100.00	6.02	14.68	6356	0	7936	0	0	0	0	0	14292	323.83	30.37	4.15	12.17	47.74	17.34	73.29	1.57	26.82	27.25
6/1/2023 11:42:23	9.83	0.00	15.62	0.00	0.00	0.00	0.00	0.00	25.45	100.00	7.19	14.05	5208	0	7031	0	0	0	0	0	12239	326.17	26.61	3.84	11.05	41.16	15.09	63.11	1.68	26.78	27.25
6/1/2023 11:42:26	8.56	0.00	13.98	0.00	0.00	0.00	0.00	0.19	22.53	100.00	8.33	13.05	4535	0	6291	0	0	0	0	0	10825	326.98	24.14	3.82	10.99	38.97	14.87	56.43	1.79	26.72	27.25
6/1/2023 11:42:29	5.02	0.00	13.05	0.00	0.00	0.00	0.00	0.45	18.06	100.00	9.53	12.00	2658	0	5870	0	0	0	0	0	8528	329.11	22.14	2.92	10.28	35.49	13.94	47.57	1.91	26.68	27.23
6/1/2023 11:42:32	3.53	0.00	12.72	0.00	0.00	0.00	0.00	0.64	16.26	100.00	10.53	11.36	1873	0	5726	0	0	0	0	0	7599	328.64	21.56	3.15	10.36	35.23	13.75	44.37	2.01	26.64	27.25
6/1/2023 11:42:35	2.93	0.00	12.85	0.00	0.00	0.00	0.00	0.68	15.78	100.00	11.80	10.67	1553	0	5781	0	0	0	0	0	7333	328.99	21.61	3.26	10.38	35.03	13.40	43.65	2.13	26.57	27.22
6/1/2023 11:42:38	2.16	0.00	11.54	0.05	0.00	0.00	0.00	0.70	13.75	100.00	12.98	10.14	1146	0	5194	1	0	0	0	0	6341	330.04	19.58	2.88	10.15	32.09	12.98	38.45	2.25	26.52	27.22
6/1/2023 11:42:41	1.63	0.00	9.79	0.26	0.00	0.00	0.00	0.74	11.68	100.00	14.05	9.62	862	0	4405	8	0	0	0	0	5275	330.90	17.22	2.80	8.98	29.01	12.13	33.59	2.36	26.46	27.18
6/1/2023 11:42:44	1.26	0.00	9.09	0.34	0.00	0.00	0.00	0.75	10.69	100.00	15.22	9.21	669	0	4091	10	0	0	0	0	4771	330.75	16.22	2.57	8.67	27.43	11.62	31.19	2.47	26.38	27.15
6/1/2023 11:42:47	1.28	0.00	9.24	0.42	0.00	0.00	0.00	0.75	10.95	100.00	16.10	9.05	680	0	4157	13	0	0	0	0	4850	330.71	16.63	2.70	9.02	27.89	11.85	31.80	2.56	26.33	27.18
6/1/2023 11:42:50	0.96	0.00	8.02	0.57	0.00	0.00	0.00	0.77	9.56	100.00	17.51	8.85	508	0	3611	17	0	0	0	0	4137	330.39	15.01	2.48	8.19	25.75	11.37	28.49	2.69	26.25	27.12
6/1/2023 11:42:53	0.32	0.12	5.55	0.46	0.00	0.00	0.00	0.74	6.45	100.00	18.57	8.41	168	121	2499	14	0	0	0	0	2801	331.30	10.78	1.74	6.64	19.77	9.38	20.21	2.80	26.18	27.13
6/1/2023 11:42:56	0.00	0.03	2.50	0.80	0.00	0.00	0.00	0.78	3.34	100.00	19.63	7.77	0	30	1127	24	0	0	0	0	1180	331.97	6.82	1.37	4.90	14.83	7.80	12.58	2.90	26.10	27.09
6/1/2023 11:42:59	0.00	0.01	1.74	0.79	0.00	0.00	0.00	0.76	2.54	100.00	20.63	7.47	0	11	784	24	0	0	0	0	818	332.59	5.73	1.15	4.39	13.25	7.16	10.36	3.00	26.06	27.10
6/1/2023 11:43:02	0.00	0.02	1.66	0.79	0.00	0.00	0.00	0.76	2.47	100.00	21.79	7.30	0	22	746	24	0	0	0	0	792	332.13	5.65	1.16	4.39	13.06	7.10	10.10	3.11	26.00	27.10
6/1/2023 11:43:05	0.00	0.06	1.23	0.73	0.00	0.00	0.00	0.75	2.03	100.00	23.32	7.09	0	65	556	22	0	0	0	0	642	332.02	4.86	1.03	4.16	12.21	6.82	8.88	3.26	25.90	27.07
6/1/2023 11:43:08	0.00	0.03	0.49	0.85	0.00	0.00	0.00	0.76	1.37	100.00	24.60	6.75	0	30	220	25	0	0	0	0	275	331.50	4.07	0.95	3.80	11.12	6.45	7.14	3.39	25.80	27.02
6/1/2023 11:43:11	0.00	0.08	0.00	0.78	0.00	0.00	0.00	0.78	0.86	100.00	25.76	6.44	0	82	0	23	0	0	0	0	106	331.70	3.28	0.80	3.53	10.37	6.15	5.76	3.50	25.76	26.99
6/1/2023 11:43:14	0.00	0.05	0.14	0.86	0.00	0.00	0.00	0.77	1.06	100.00	25.42	6.51	0	52	65	26	0	0	0	0	143	332.23	3.56	0.88	3.66	10.64	6.35	6.35	3.47	25.64	26.94
6/1/2023 11:43:16	0.00	0.04	0.24	0.91	0.00	0.00	0.00	0.79	1.18	100.00	25.28	6.64	0	37	107	27	0	0	0	0	171	332.32	3.79	0.98	3.75	11.10	6.49	6.83	3.46	25.57	26.89
6/1/2023 11:43:20	0.00	0.12	0.37	0.78	0.00	0.00	0.00	0.77	1.27	100.00	25.28	6.68	0	124	166	23	0	0	0	0	313	331.85	3.80	0.83	3.86	10.96	6.49	6.74	3.46	25.49	26.94
6/1/2023 11:43:23	0.00	0.14	0.27	0.73	0.00	0.00	0.00	0.78	1.13	100.00	25.28	6.71	0	138	122	22	0	0	0	0	282	331.31	3.53	0.77	3.77	10.78	6.36	6.42	3.46	25.39	26.86
6/1/2023 11:43:26	0.00	0.12	0.39	0.81	0.00	0.00	0.00	0.76	1.31	100.00	25.29	6.77	0	115	174	24	0	0	0	0	313	331.90	3.82	0.96	3.91	10.96	6.51	6.85	3.46	25.31	26.89
6/1/2023 11:43:28	0.00	0.10	0.27	0.84	0.00	0.00	0.00	0.78	1.21	100.00	25.33	7.06	0	104	120	25	0	0	0	0	249	332.05	3.71	0.98	3.86	10.98	6.49	6.71	3.46	25.23	26.76
6/1/2023 11:43:31	0.00	0.11	0.38	0.80	0.00	0.00	0.00	0.77	1.30	100.00	25.37	7.10	0	113	173	24	0	0	0	0	309	331.12	3.71	0.88	3.85	11.06	6.60	6.97	3.46	25.17	26.84
6/1/2023 11:43:35	0.00	0.11	0.17	0.85	0.00	0.00	0.00	0.77	1.12	100.00	25.16	6.94	0	106	74	25	0	0	0	0	206	331.44	3.52	0.87	3.78	10.72	6.52	6.45	3.44	25.02	26.75
6/1/2023 11:43:37	0.00	0.13	0.34	0.82	0.00	0.00	0.00	0.79	1.29	100.00	25.16	6.87	0	128	151	25	0	0	0	0	304	332.21	3.87	0.92	3.94	11.25	6.57	6.90	3.44	24.97	26.67
6/1/2023 11:43:40	0.00	0.15	0.31	0.75	0.00	0.00	0.00	0.78	1.22	100.00	25.16	6.74	0	154	140	23	0	0	0	0	317	331.29	3.69	0.87	3.90	11.00	6.45	6.63	3.44	24.86	26.65
6/1/2023 11:43:43	0.00	0.14	0.45	0.79	0.00	0.00	0.00	0.79	1.38	100.00	25.18	6.84	0	138	205	24	0	0	0	0	366	330.67	3.96	0.93	3.98	11.37	6.59	7.12	3.45	24.80	26.57
6/1/2023 11:43:46	0.00	0.10	0.06	0.86	0.00	0.00	0.00	0.78	1.01	100.00	25.64	6.64	0	96	25	26	0	0	0	0	146	331.26	3.49	0.81	3.71	10.67	6.43	6.20	3.49	24.72	26.59
6/1/2023 11:43:49	0.00	0.18	0.00	0.68	0.00	0.00	0.00	0.77	0.86	100.00	26.10	6.29	0	179	0	20	0	0	0	0	199	331.17	3.10	0.93	3.53	10.30	6.24	5.38	3.54	24.60	26.44
6/1/2023 11:43:52	0.00	0.24	0.00	0.58	0.00	0.00	0.00	0.77	0.82	100.00	26.65	6.05	0	240	0	17	0	0	0	0	258	331.64	2.91	0.77	3.57	10.10	6.15	5.17	3.59	24.54	26.44
6/1/2023 11:43:55	0.00	0.23	0.00	0.56	0.00	0.00	0.00	0.77	0.79	100.00	27.16	5.90	0	230	0	17	0	0	0	0	246	331.12	2.82	0.77	3.49	10.01	6.09	5.10	3.64	24.41	26.41
6/1/2023 11:43:58	0.00	0.29	0.00	0.46	0.00	0.00	0.00	0.77	0.75	100.00	27.86	5.83	0	293	0	14	0	0	0	0	307	330.96	2.70	0.70	3.51	9.96	6.03	4.86	3.71	24.31	26.41
6/1/2023 11:44:01	0.00	0.32	0.00	0.39	0.00	0.00	0.00	0.75	0.72	100.00	28.74	5.76	0	325	0	12	0	0	0	0	337	330.97	2.59	0.71	3.47	9.62	5.93	4.49	3.79	24.22	26.39
6/1/2023 11:44:04	0.00	0.33	0.00	0.36	0.00	0.00	0.00	0.74	0.69	100.00	29.62	5.66	0	334	0	11	0	0	0	0	344	330.62	2.46	0.69	3.41	9.51	5.92	4.41	3.88	24.12	26.28
6/1/2023 11:44:07	0.00	0.40	0.00	0.24	0.00	0.00	0.00	0.74	0.64	100.00	30.52	5.55	0	400	0	7	0	0	0	0	407	331.10	2.23	0.62	3.42	9.27	5.77	4.07	3.97	24.04	26.28
6/1/2023 11:44:10	0.00	0.45	0.00	0.20	0.00	0.00	0.00	0.74	0.64	100.00	31.53	5.42	0	449	0	6	0	0	0	0	455	331.33	2.07	0.60	3.49	9.21	5.83	4.07	4.07	23.92	26.22
6/1/2023 11:44:13	0.00	0.49	0.00	0.07	0.00	0.00	0.00	0.74	0.56	100.00	32.58	5.35	0	487	0	2	0	0	0	0	490	331.34	1.92	0.52	3.28	9.11	5.78	3.60	4.17	23.83	26.17
6/1/2023 11:44:16	0.00	0.46	0.00	0.05	0.00	0.00	0.00	0.74	0.51	100.00	33.60	5.31	0	459	0	1	0	0	0	0	461	330.89	1.84	0.55	3.22	9.01	5.60	3.57	4.27	23.74	26.14
6/1/2023 11:44:19	0.00	0.48	0.00	0.03	0.00	0.00	0.00	0.74	0.52	100.00	34.73	5.25	0	483	0	1	0	0	0	0	484	330.96	1.82	0.51	3.28	9.00	5.61	3.56	4.38	23.63	26.07
6/1/2023 11:44:22	0.00	0.53	0.00	0.00	0.00	0.00	0.00	0.74	0.53	100.00	36.15	5.22	0	527	0	0	0	0	0	0	527	330.25	1.78	0.50	3.31	9.04	5.68	3.45	4.52	23.52	26.02
6/1/2023 11:44:25	0.00	0.50	0.00	0.02	0.00	0.00	0.00	0.72	0.52	100.00	37.40	5.15	0	502	0	0	0	0	0	0	502	329.33	1.63	0.57	3.29	8.75	5.61	3.50	4.64	23.43	25.93
6/1/2023 11:44:28	0.00	0.49	0.00	0.04	0.00	0.00	0.00	0.74	0.53	100.00	38.77	5.00	0	491	0	1	0	0	0	0	492	329.33	1.75	0.61	3.24	9.01	5.70	3.55	4.78	23.33	25.88
6/1/2023 11:44:31	0.00	0.52	0.00	0.00	0.00	0.00	0.00	0.72	0.52	100.00	39.74	4.94	0	515	0	0	0	0	0	0	515	328.70	1.60	0.48	3.30	8.80	5.61	3.28	4.87	23.23	25.83
6/1/2023 11:44:34	0.00	0.51	0.00	0.00	0.00	0.00	0.00	0.72	0.51	100.00	39.95	4.94	0	514	0	0	0	0	0	0	514	328.44	1.64	0.47	3.26	8.78	5.64	3.24	4.89	23.14	25.81
6/1/2023 11:44:37	0.00	0.52	0.00	0.00	0.00	0.00	0.00	0.72	0.52	100.00	39.86	4.97	0	518	0	0	0	0	0	0	518	328.75	1.65	0.52	3.27	8.78	5.64	3.28	4.88	23.01	25.73
6/1/2023 11:44:40	0.00	0.50	0.00	0.00	0.00	0.00	0.00	0.71	0.50	100.00	40.35	5.00	0	502	0	0	0	0	0	0	502	328.84	1.61	0.50	3.22	8.71	5.62	3.20	4.93	22.90	25.75
6/1/2023 11:44:43	0.00	0.50	0.00	0.00	0.00	0.00	0.00	0.71	0.50	100.00	40.96	4.94	0	505	0	0	0	0	0	0	505	329.14	1.56	0.47	3.24	8.72	5.61	3.09	4.99	22.80	25.62
6/1/2023 11:44:46	0.00	0.51	0.00	0.00	0.00	0.00	0.00	0.71	0.51	100.00	41.63	4.85	0	506	0	0	0	0	0	0	506	328.67	1.53	0.49	3.33	8.73	5.53	3.20	5.06	22.74	25.57
6/1/2023 11:44:49	0.00	0.49	0.00	0.00	0.00	0.00	0.00	0.71	0.49	100.00	42.29	4.84	0	485	0	0	0	0	0	0	485	328.46	1.47	0.43	3.28	8.76	5.49	3.12	5.12	22.59	25.49
6/1/2023 11:44:52	0.00	0.50	0.00	0.00	0.00	0.00	0.00	0.70	0.50	100.00	42.65	4.83	0	497	0	0	0	0	0	0	497	328.17	1.36	0.45	3.27	8.76	5.55	2.93	5.16	22.51	25.43
6/1/2023 11:44:55	0.00	0.46	0.00	0.00	0.00	0.00	0.00	0.69	0.46	100.00	42.99	4.84	0	459	0	0	0	0	0	0	459	328.13	1.33	0.47	3.18	8.62	5.42	2.81	5.19	22.41	25.36
6/1/2023 11:44:58	0.00	0.48	0.00	0.00	0.00	0.00	0.00	0.69	0.48	100.00	43.53	4.78	0	475	0	0	0	0	0	0	475	327.08	1.32	0.46	3.23	8.55	5.45	2.81	5.24	22.32	25.35
6/1/2023 11:45:01	0.00	0.50	0.00	0.00	0.00	0.00	0.00	0.70	0.50	100.00	44.07	4.74	0	504	0	0	0	0	0	0	504	326.45	1.40	0.44	3.35	8.68	5.49	3.02	5.30	22.21	25.28
6/1/2023 11:45:04	0.00	0.49	0.00	0.00	0.00	0.00	0.00	0.69	0.49	100.00	45.09	4.73	0	490	0	0	0	0	0	0	490	325.99	1.28	0.49	3.29	8.58	5.45	2.81	5.40	22.12	25.22
6/1/2023 11:45:07	0.00	0.49	0.00	0.00	0.00	0.00	0.00	0.68	0.49	100.00	45.90	4.74	0	493	0	0	0	0	0	0	493	325.50	1.31	0.42	3.34	8.54	5.40	2.71	5.48	22.02	25.19
6/1/2023 11:45:10	0.00	0.49	0.00	0.00	0.00	0.00	0.00	0.69	0.49	100.00	45.84	4.75	0	495	0	0	0	0	0	0	495	325.58	1.28	0.46	3.30	8.66	5.47	2.72	5.47	21.90	25.06
6/1/2023 11:45:13	0.00	0.48	0.00	0.00	0.00	0.00	0.00	0.69	0.48	100.00	45.83	4.74	0	479	0	0	0	0	0	0	479	325.70	1.30	0.50	3.30	8.55	5.38	2.83	5.47	21.81	25.02
6/1/2023 11:45:16	0.00	0.48	0.00	0.00	0.00	0.00	0.00	0.69	0.48	100.00	45.77	4.75	0	478	0	0	0	0	0	0	478	326.32	1.36	0.43	3.25	8.62	5.44	2.81	5.46	21.73	24.99
6/1/2023 11:45:19	0.00	0.51	0.00	0.00	0.00	0.00	0.00	0.69	0.51	100.00	45.78	4.72	0	507	0	0	0	0	0	0	507	325.65	1.37	0.47	3.38	8.63	5.43	2.77	5.47	21.61	24.91
6/1/2023 11:45:22	0.00	0.50	0.00	0.00	0.00	0.00	0.00	0.70	0.50	100.00	45.80	4.74	0	497	0	0	0	0	0	0	497	325.56	1.39	0.48	3.32	8.77	5.46	2.81	5.47	21.52	24.81
6/1/2023 11:45:25	0.00	0.51	0.00	0.00	0.00	0.00	0.00	0.69	0.51	100.00	44.74	4.83	0	509	0	0	0	0	0	0	509	325.66	1.28	0.48	3.39	8.72	5.46	2.75	5.36	21.45	24.81
6/1/2023 11:45:28	0.00	0.51	0.00	0.00	0.00	0.00	0.00	0.70	0.51	100.00	43.17	4.79	0	508	0	0	0	0	0	0	508	325.91	1.38	0.47	3.35	8.82	5.49	2.78	5.21	21.35	24.73
6/1/2023 11:45:31	0.00	0.52	0.00	0.00	0.00	0.00	0.00	0.71	0.52	100.00	41.60	4.82	0	522	0	0	0	0	0	0	522	326.43	1.36	0.54	3.38	8.88	5.54	2.87	5.06	21.27	24.73
6/1/2023 11:45:34	0.00	0.56	0.00	0.00	0.00	0.00	0.00	0.72	0.56	100.00	39.83	4.88	0	564	0	0	0	0	0	0	564	327.14	1.50	0.56	3.44	8.94	5.71	3.09	4.88	21.13	24.56
6/1/2023 11:45:37	0.00	0.58	0.00	0.00	0.00	0.00	0.00	0.74	0.58	100.00	38.20	4.93	0	577	0	0	0	0	0	0	577	327.27	1.72	0.57	3.46	9.21	5.77	3.29	4.72	21.06	24.52
6/1/2023 11:45:40	0.00	0.58	0.00	0.00	0.00	0.00	0.00	0.77	0.58	100.00	36.56	5.03	0	579	0	0	0	0	0	0	579	327.51	1.81	0.67	3.50	9.41	5.75	3.54	4.56	20.94	24.46
6/1/2023 11:45:43	0.00	0.58	0.00	0.00	0.00	0.00	0.00	0.78	0.58	100.00	34.93	5.14	0	583	0	0	0	0	0	0	583	327.86	1.82	0.62	3.47	9.58	5.84	3.59	4.40	20.86	24.43
6/1/2023 11:45:46	0.00	0.55	0.00	0.00	0.00	0.00	0.00	0.78	0.55	100.00	33.31	5.19	0	550	0	0	0	0	0	0	550	327.88	1.80	0.67	3.42	9.62	5.70	3.57	4.24	20.79	24.35
6/1/2023 11:45:49	0.00	0.59	0.00	0.00	0.00	0.00	0.00	0.78	0.59	100.00	31.51	5.23	0	589	0	0	0	0	0	0	589	328.28	1.85	0.69	3.49	9.57	5.82	3.58	4.07	20.68	24.27
6/1/2023 11:45:52	0.00	0.60	0.00	0.00	0.00	0.00	0.00	0.79	0.60	100.00	29.87	5.28	0	597	0	0	0	0	0	0	597	327.77	1.88	0.67	3.51	9.68	5.86	3.63	3.91	20.58	24.19
6/1/2023 11:45:55	0.00	0.56	0.00	0.13	0.00	0.00	0.00	0.77	0.69	100.00	28.24	5.45	0	556	0	4	0	0	0	0	560	327.83	2.15	0.84	3.62	9.66	5.97	3.92	3.75	20.52	24.15
6/1/2023 11:45:57	0.00	0.48	0.00	0.27	0.00	0.00	0.00	0.79	0.75	100.00	26.60	5.66	0	478	0	8	0	0	0	0	486	327.57	2.52	0.87	3.70	10.09	6.03	4.39	3.58	20.45	24.09
6/1/2023 11:46:00	0.00	0.42	0.00	0.48	0.00	0.00	0.00	0.82	0.90	100.00	24.98	5.91	0	424	0	14	0	0	0	0	438	327.54	2.97	0.96	3.94	10.70	6.33	5.14	3.43	20.38	24.09
6/1/2023 11:46:04	0.00	0.25	0.00	0.84	0.00	0.00	0.00	0.84	1.09	100.00	23.16	6.31	0	255	0	25	0	0	0	0	280	326.80	3.61	1.05	4.05	11.37	6.75	6.21	3.25	20.26	23.96
6/1/2023 11:46:06	0.00	0.22	0.44	0.98	0.00	0.00	0.00	0.85	1.63	100.00	21.53	6.67	0	216	197	29	0	0	0	0	442	326.75	4.49	1.28	4.51	12.44	7.17	7.87	3.09	20.19	23.91
6/1/2023 11:46:09	0.00	0.18	1.04	1.05	0.00	0.00	0.00	0.86	2.27	100.00	19.89	6.95	0	182	467	31	0	0	0	0	680	327.12	5.47	1.52	4.88	13.72	7.66	9.71	2.93	20.11	23.86
6/1/2023 11:46:12	0.00	0.10	1.55	1.14	0.00	0.00	0.00	0.85	2.79	100.00	18.22	7.28	0	104	696	34	0	0	0	0	834	327.29	6.39	1.71	5.10	14.70	7.99	11.21	2.76	20.03	23.78
6/1/2023 11:46:15	0.14	0.24	4.54	0.88	0.00	0.00	0.00	0.86	5.80	100.00	16.57	7.95	76	236	2042	26	0	0	0	0	2381	326.83	10.32	2.26	6.95	19.96	9.81	18.92	2.60	19.96	23.70
6/1/2023 11:46:18	0.63	0.04	7.34	1.01	0.00	0.00	0.00	0.91	9.02	100.00	14.79	8.56	333	40	3304	30	0	0	0	0	3708	325.48	15.04	2.97	8.55	26.50	11.78	27.85	2.43	19.90	23.65
6/1/2023 11:46:21	1.04	0.00	8.23	0.92	0.00	0.00	0.00	0.90	10.19	100.00	13.10	8.91	550	0	3704	28	0	0	0	0	4282	324.60	16.31	3.18	9.00	28.39	12.28	30.75	2.26	19.84	23.57
6/1/2023 11:46:24	1.33	0.00	10.05	0.74	0.00	0.00	0.00	0.87	12.13	100.00	11.45	9.36	707	0	4525	22	0	0	0	0	5254	323.90	18.72	3.50	9.61	31.39	13.33	35.59	2.10	19.77	23.56
6/1/2023 11:46:27	3.10	0.00	11.86	0.24	0.00	0.00	0.00	0.79	15.21	100.00	9.79	10.13	1645	0	5339	7	0	0	0	0	6991	323.43	20.92	3.70	10.64	35.50	14.28	42.32	1.94	19.70	23.49
6/1/2023 11:46:30	3.62	0.00	12.96	0.00	0.00	0.00	0.00	0.70	16.57	100.00	8.14	11.18	1916	0	5830	0	0	0	0	0	7747	322.93	22.01	3.75	10.54	36.52	14.08	45.45	1.78	19.65	23.43
6/1/2023 11:46:33	6.46	0.00	14.91	0.00	0.00	0.00	0.00	0.48	21.37	100.00	6.30	12.54	3424	0	6709	0	0	0	0	0	10133	321.42	25.48	3.09	10.85	41.14	15.68	56.08	1.60	19.60	23.36
6/1/2023 11:46:36	15.00	0.00	14.39	0.00	0.00	0.00	0.00	0.00	29.39	100.00	4.63	13.69	7951	0	6475	0	0	0	0	0	14426	320.23	26.57	3.50	12.05	46.40	16.83	70.69	1.43	19.54	23.32
6/1/2023 11:46:39	5.42	0.00	18.06	0.00	0.00	0.00	0.00	0.03	23.48	100.00	2.93	14.84	2875	0	8126	0	0	0	0	0	11001	320.37	28.67	5.98	11.43	39.45	13.07	60.73	1.27	19.51	23.19
6/1/2023 11:46:42	0.00	0.00	11.13	1.01	0.00	0.00	0.00	1.21	12.14	100.00	1.23	16.10	0	0	5008	30	0	0	0	0	5038	323.16	22.68	7.64	8.33	36.19	12.98	37.84	1.10	19.48	23.22
6/1/2023 11:46:45	6.62	0.00	6.71	0.00	0.00	0.00	0.00	0.10	13.34	100.00	0.34	16.71	3510	0	3021	0	0	0	0	0	6531	287.00	12.01	0.79	2.48	21.39	7.27	34.77	1.01	19.45	23.20
6/1/2023 11:46:48	8.74	0.21	6.77	0.92	0.00	0.00	0.00	0.65	16.63	100.00	0.34	16.65	4630	205	3047	27	0	0	0	0	7910	316.62	16.40	5.15	13.02	34.35	14.47	40.77	1.01	19.42	23.09
6/1/2023 11:46:51	2.39	0.67	12.32	0.00	0.00	0.00	0.00	0.29	15.38	100.00	0.34	16.68	1267	675	5542	0	0	0	0	0	7484	318.04	20.96	-3.50	14.14	28.99	13.62	38.39	1.01	19.39	23.06
6/1/2023 11:46:54	0.03	1.05	15.01	0.00	0.00	0.00	0.00	0.30	16.08	100.00	0.33	16.65	15	1046	6752	0	0	0	0	0	7813	324.86	23.64	5.58	15.55	30.82	13.50	40.80	1.01	19.38	22.96
6/1/2023 11:46:57	3.25	0.00	8.09	1.92	0.00	0.00	0.00	0.67	13.26	100.00	0.33	16.69	1724	0	3640	58	0	0	0	0	5421	332.43	18.15	5.13	8.54	29.99	16.40	36.43	1.01	19.36	22.98
6/1/2023 11:47:00	0.00	0.00	11.65	0.00	0.00	0.00	0.00	1.19	11.65	100.00	0.31	16.59	0	0	5240	0	0	0	0	0	5240	329.14	21.37	-1.89	4.60	34.39	9.24	39.04	1.01	19.34	22.91
6/1/2023 11:47:03	14.31	0.00	2.97	0.00	0.00	0.00	0.00	0.73	17.29	100.00	0.34	16.41	7586	0	1338	0	0	0	0	0	8924	319.35	10.43	3.78	6.85	34.51	12.13	42.16	1.01	19.34	22.72
6/1/2023 11:47:06	8.44	0.00	9.64	0.00	0.00	0.00	0.00	0.80	18.08	100.00	0.40	16.35	4473	0	4338	0	0	0	0	0	8811	324.45	18.97	4.05	11.72	39.15	13.46	47.03	1.02	19.30	22.74
6/1/2023 11:47:09	11.88	0.00	3.45	0.00	0.00	0.00	0.00	0.00	15.34	100.00	1.01	16.75	6297	0	1554	0	0	0	0	0	7851	318.68	8.46	5.32	8.12	20.76	9.91	35.11	1.08	19.28	22.69
6/1/2023 11:47:12	10.83	0.00	6.53	0.00	0.00	0.00	0.00	0.00	17.36	100.00	2.26	16.85	5739	0	2940	0	0	0	0	0	8678	329.43	14.04	-5.41	9.07	26.50	12.86	39.78	1.20	19.25	22.69
6/1/2023 11:47:15	3.44	0.00	11.23	0.00	0.00	0.00	0.00	1.01	14.67	100.00	3.41	15.83	1826	0	5053	0	0	0	0	0	6879	322.60	20.18	4.05	12.79	37.35	9.80	42.20	1.31	19.26	22.61
6/1/2023 11:47:18	7.51	0.00	16.63	0.00	0.00	0.00	0.00	0.48	24.14	100.00	4.69	14.74	3982	0	7483	0	0	0	0	0	11465	320.00	28.13	4.35	9.16	45.44	16.77	64.07	1.44	19.23	22.61
6/1/2023 11:47:21	9.70	0.00	19.65	0.00	0.00	0.00	0.00	0.53	29.35	100.00	5.92	14.53	5142	0	8843	0	0	0	0	0	13985	320.60	33.83	4.53	13.79	54.86	18.40	76.48	1.56	19.23	22.57
6/1/2023 11:47:24	11.78	0.00	16.55	0.00	0.00	0.00	0.00	0.14	28.33	100.00	7.10	14.01	6246	0	7445	0	0	0	0	0	13691	323.58	29.09	3.88	12.94	47.60	17.21	70.09	1.67	19.22	22.53
6/1/2023 11:47:27	8.03	0.00	15.58	0.00	0.00	0.00	0.00	0.40	23.61	100.00	8.27	13.01	4254	0	7010	0	0	0	0	0	11265	324.39	26.89	3.69	12.06	43.76	16.09	60.71	1.79	19.20	22.51
6/1/2023 11:47:30	5.09	0.00	13.88	0.00	0.00	0.00	0.00	0.67	18.97	100.00	9.24	12.04	2698	0	6247	0	0	0	0	0	8946	325.47	23.94	3.29	11.30	39.99	15.23	50.98	1.88	19.18	22.43
6/1/2023 11:47:33	4.08	0.00	12.98	0.00	0.00	0.00	0.00	0.82	17.06	100.00	9.61	11.77	2162	0	5840	0	0	0	0	0	8002	326.26	22.54	3.23	11.00	38.79	14.69	47.07	1.92	19.18	22.40
6/1/2023 11:47:36	5.46	0.00	13.08	0.00	0.00	0.00	0.00	0.71	18.54	100.00	9.71	11.92	2891	0	5886	0	0	0	0	0	8777	325.74	22.92	3.27	11.16	39.54	14.69	49.82	1.93	19.16	22.40
6/1/2023 11:47:39	3.52	0.00	13.19	0.00	0.00	0.00	0.00	0.86	16.71	100.00	10.30	11.67	1867	0	5934	0	0	0	0	0	7801	325.46	22.73	3.25	10.82	38.84	14.53	46.78	1.99	19.13	22.37
6/1/2023 11:47:42	3.97	0.00	13.44	0.00	0.00	0.00	0.00	0.84	17.41	100.00	10.57	11.46	2104	0	6046	0	0	0	0	0	8150	325.13	23.19	3.36	10.74	39.62	14.73	48.41	2.01	19.13	22.32
6/1/2023 11:47:44	2.86	0.00	13.42	0.00	0.00	0.00	0.00	0.91	16.27	100.00	11.11	11.15	1515	0	6037	0	0	0	0	0	7552	325.75	22.95	3.34	10.85	38.92	14.52	46.24	2.07	19.13	22.33
6/1/2023 11:47:48	2.64	0.00	12.77	0.10	0.00	0.00	0.00	0.96	15.51	100.00	11.79	10.53	1399	0	5747	3	0	0	0	0	7149	326.02	22.25	3.31	10.95	38.31	14.59	44.40	2.13	19.12	22.24
6/1/2023 11:47:51	1.87	0.00	11.08	0.57	0.00	0.00	0.00	1.05	13.52	100.00	12.48	10.06	993	0	4988	17	0	0	0	0	5998	326.30	20.58	3.05	10.61	36.00	14.14	39.93	2.20	19.13	22.25
6/1/2023 11:47:53	1.26	0.01	10.15	0.60	0.00	0.00	0.00	0.99	12.02	100.00	13.28	9.78	670	6	4566	18	0	0	0	0	5260	326.95	18.88	2.92	9.86	32.78	13.18	35.99	2.28	19.11	22.20
6/1/2023 11:47:56	0.89	0.11	9.48	0.60	0.00	0.00	0.00	1.01	11.08	100.00	14.15	9.46	473	107	4268	18	0	0	0	0	4865	327.06	17.82	2.67	9.50	31.27	12.86	33.61	2.37	19.09	22.17
6/1/2023 11:47:59	0.81	0.10	9.11	0.73	0.00	0.00	0.00	1.03	10.75	100.00	15.48	9.06	430	100	4100	22	0	0	0	0	4652	327.00	17.53	2.81	9.44	31.01	12.83	32.93	2.50	19.09	22.16
6/1/2023 11:48:02	0.28	0.16	8.62	0.68	0.00	0.00	0.00	1.02	9.74	100.00	17.03	8.76	150	155	3879	21	0	0	0	0	4205	326.97	16.49	2.72	8.98	29.09	12.20	30.39	2.65	19.07	22.12
6/1/2023 11:48:05	0.00	0.23	5.47	0.78	0.00	0.00	0.00	0.98	6.48	100.00	18.28	8.34	0	235	2463	23	0	0	0	0	2721	327.71	11.86	1.94	7.25	22.76	10.40	21.50	2.77	19.07	22.08
6/1/2023 11:48:08	0.00	0.22	3.36	0.82	0.00	0.00	0.00	0.95	4.40	100.00	19.05	7.80	0	219	1511	25	0	0	0	0	1755	328.03	8.79	1.61	6.04	18.71	8.94	15.81	2.84	19.07	22.09
6/1/2023 11:48:11	0.00	0.19	1.82	0.86	0.00	0.00	0.00	0.91	2.87	100.00	19.85	7.49	0	191	818	26	0	0	0	0	1035	328.74	6.48	1.24	5.07	15.44	7.94	11.58	2.92	19.03	22.04
6/1/2023 11:48:14	0.00	0.26	1.34	0.81	0.00	0.00	0.00	0.92	2.41	100.00	20.80	7.25	0	257	604	24	0	0	0	0	885	328.71	5.63	1.17	4.89	14.66	7.66	10.31	3.02	19.04	21.99
6/1/2023 11:48:17	0.00	0.21	1.05	0.86	0.00	0.00	0.00	0.92	2.12	100.00	22.04	7.10	0	211	473	26	0	0	0	0	710	328.77	5.42	1.10	4.69	14.21	7.43	9.57	3.14	19.02	21.96
6/1/2023 11:48:20	0.00	0.18	0.77	0.91	0.00	0.00	0.00	0.90	1.86	100.00	23.01	7.02	0	181	345	27	0	0	0	0	554	328.62	5.00	1.07	4.49	13.53	7.30	8.86	3.23	19.02	21.95
6/1/2023 11:48:23	0.00	0.19	0.33	0.93	0.00	0.00	0.00	0.92	1.45	100.00	24.40	6.73	0	193	149	28	0	0	0	0	369	328.08	4.48	1.00	4.30	13.11	7.07	7.88	3.37	18.99	21.93
6/1/2023 11:48:26	0.00	0.33	0.00	0.59	0.00	0.00	0.00	0.88	0.93	100.00	25.87	6.31	0	333	0	18	0	0	0	0	351	328.45	3.30	0.74	3.90	11.50	6.47	5.82	3.51	18.98	21.95
6/1/2023 11:48:29	0.00	0.42	0.00	0.44	0.00	0.00	0.00	0.86	0.85	100.00	27.53	5.98	0	417	0	13	0	0	0	0	430	328.62	2.95	0.63	3.81	11.12	6.40	5.32	3.68	18.96	21.87
6/1/2023 11:48:32	0.00	0.47	0.00	0.28	0.00	0.00	0.00	0.82	0.75	100.00	29.43	5.71	0	472	0	8	0	0	0	0	480	329.58	2.60	0.60	3.61	10.49	6.23	4.60	3.86	18.93	21.88
6/1/2023 11:48:35	0.00	0.57	0.00	0.02	0.00	0.00	0.00	0.81	0.58	100.00	31.09	5.45	0	569	0	0	0	0	0	0	569	329.25	2.05	0.47	3.47	9.96	5.89	3.89	4.02	18.92	21.77
6/1/2023 11:48:38	0.00	0.53	0.00	0.00	0.00	0.00	0.00	0.80	0.53	100.00	32.74	5.30	0	534	0	0	0	0	0	0	534	329.22	1.79	0.44	3.33	9.88	5.81	3.60	4.19	18.90	21.74
6/1/2023 11:48:41	0.00	0.54	0.00	0.00	0.00	0.00	0.00	0.79	0.54	100.00	34.32	5.24	0	537	0	0	0	0	0	0	537	329.78	1.73	0.41	3.36	9.73	5.77	3.48	4.34	18.86	21.79
6/1/2023 11:48:44	0.00	0.53	0.00	0.00	0.00	0.00	0.00	0.80	0.53	100.00	35.87	5.20	0	532	0	0	0	0	0	0	532	329.02	1.78	0.36	3.34	9.90	5.78	3.48	4.49	18.86	21.75
6/1/2023 11:48:47	0.00	0.53	0.00	0.00	0.00	0.00	0.00	0.78	0.53	100.00	37.60	5.14	0	531	0	0	0	0	0	0	531	328.63	1.62	0.34	3.38	9.65	5.73	3.43	4.66	18.82	21.66
6/1/2023 11:48:50	0.00	0.53	0.00	0.00	0.00	0.00	0.00	0.77	0.53	100.00	39.18	5.00	0	534	0	0	0	0	0	0	534	327.92	1.62	0.35	3.43	9.50	5.66	3.37	4.82	18.81	21.64
6/1/2023 11:48:53	0.00	0.56	0.00	0.00	0.00	0.00	0.00	0.78	0.56	100.00	40.78	4.87	0	559	0	0	0	0	0	0	559	327.77	1.77	0.36	3.47	9.58	5.74	3.53	4.98	18.76	21.59
6/1/2023 11:48:56	0.00	0.51	0.00	0.00	0.00	0.00	0.00	0.74	0.51	100.00	42.51	4.79	0	510	0	0	0	0	0	0	510	327.77	1.37	0.20	3.34	9.27	5.64	2.99	5.14	18.71	21.59
6/1/2023 11:48:59	0.00	0.48	0.00	0.00	0.00	0.00	0.00	0.72	0.48	100.00	43.72	4.76	0	481	0	0	0	0	0	0	481	326.55	1.24	0.13	3.29	9.16	5.53	2.77	5.26	18.70	21.53
6/1/2023 11:49:02	0.00	0.49	0.00	0.00	0.00	0.00	0.00	0.71	0.49	100.00	44.65	4.73	0	488	0	0	0	0	0	0	488	325.86	1.25	0.13	3.35	9.04	5.47	2.67	5.35	18.66	21.50
6/1/2023 11:49:05	0.00	0.49	0.00	0.00	0.00	0.00	0.00	0.71	0.49	100.00	44.67	4.79	0	494	0	0	0	0	0	0	494	325.61	1.24	0.10	3.35	9.03	5.52	2.71	5.36	18.63	21.45
6/1/2023 11:49:08	0.00	0.49	0.00	0.00	0.00	0.00	0.00	0.72	0.49	100.00	44.64	4.89	0	488	0	0	0	0	0	0	488	326.40	1.32	0.05	3.33	9.09	5.52	2.78	5.35	18.60	21.45
6/1/2023 11:49:11	0.00	0.51	0.00	0.00	0.00	0.00	0.00	0.72	0.51	100.00	44.63	4.84	0	510	0	0	0	0	0	0	510	326.81	1.29	0.02	3.40	9.12	5.59	2.85	5.35	18.56	21.40
6/1/2023 11:49:13	0.00	0.47	0.00	0.00	0.00	0.00	0.00	0.71	0.47	100.00	44.64	4.77	0	467	0	0	0	0	0	0	467	326.83	1.24	-0.01	3.33	9.01	5.41	2.71	5.35	18.51	21.43
6/1/2023 11:49:17	0.00	0.51	0.00	0.00	0.00	0.00	0.00	0.72	0.51	100.00	44.64	4.81	0	508	0	0	0	0	0	0	508	326.58	1.25	0.02	3.40	9.08	5.56	2.81	5.35	18.47	21.33
6/1/2023 11:49:20	0.00	0.51	0.00	0.00	0.00	0.00	0.00	0.71	0.51	100.00	44.63	4.86	0	510	0	0	0	0	0	0	510	326.64	1.15	0.03	3.39	9.08	5.59	2.65	5.35	18.43	21.29
6/1/2023 11:49:22	0.00	0.51	0.00	0.00	0.00	0.00	0.00	0.73	0.51	100.00	44.63	4.86	0	505	0	0	0	0	0	0	505	326.35	1.25	0.01	3.40	9.21	5.56	2.78	5.35	18.40	21.29
6/1/2023 11:49:25	0.00	0.51	0.00	0.00	0.00	0.00	0.00	0.73	0.51	100.00	44.64	4.83	0	506	0	0	0	0	0	0	506	326.27	1.33	-0.01	3.41	9.16	5.56	2.91	5.35	18.35	21.19
6/1/2023 11:49:28	0.00	0.53	0.00	0.00	0.00	0.00	0.00	0.72	0.53	100.00	44.63	4.83	0	527	0	0	0	0	0	0	527	326.01	1.29	0.06	3.42	9.09	5.63	2.79	5.35	18.30	21.17
6/1/2023 11:49:31	0.00	0.48	0.00	0.00	0.00	0.00	0.00	0.71	0.48	100.00	44.64	4.85	0	484	0	0	0	0	0	0	484	326.36	1.26	0.06	3.32	8.97	5.51	2.75	5.35	18.27	21.17
6/1/2023 11:49:34	0.00	0.51	0.00	0.00	0.00	0.00	0.00	0.72	0.51	100.00	44.65	4.84	0	515	0	0	0	0	0	0	515	326.07	1.22	0.05	3.40	9.07	5.61	2.83	5.35	18.21	21.09
6/1/2023 11:49:37	0.00	0.53	0.00	0.00	0.00	0.00	0.00	0.71	0.53	100.00	44.63	4.86	0	527	0	0	0	0	0	0	527	326.04	1.20	0.08	3.43	9.01	5.61	2.72	5.35	18.18	21.11
6/1/2023 11:49:40	0.00	0.52	0.00	0.00	0.00	0.00	0.00	0.72	0.52	100.00	44.63	4.84	0	524	0	0	0	0	0	0	524	325.71	1.29	0.25	3.43	9.11	5.57	2.82	5.35	18.14	21.00
6/1/2023 11:49:43	0.00	0.51	0.00	0.00	0.00	0.00	0.00	0.71	0.51	100.00	44.64	4.83	0	510	0	0	0	0	0	0	510	326.01	1.27	0.39	3.39	8.94	5.49	2.68	5.35	18.10	20.96
6/1/2023 11:49:46	0.00	0.54	0.00	0.00	0.00	0.00	0.00	0.70	0.54	100.00	44.62	4.81	0	541	0	0	0	0	0	0	541	325.85	1.25	0.30	3.48	8.91	5.56	2.65	5.35	18.04	20.93
6/1/2023 11:49:49	0.00	0.52	0.00	0.00	0.00	0.00	0.00	0.72	0.52	100.00	44.63	4.82	0	522	0	0	0	0	0	0	522	326.05	1.26	0.46	3.35	9.08	5.61	2.71	5.35	17.99	20.92
6/1/2023 11:49:52	0.00	0.59	0.00	0.00	0.00	0.00	0.00	0.73	0.59	100.00	44.63	4.78	0	594	0	0	0	0	0	0	594	325.87	1.29	0.69	3.58	9.22	5.74	3.07	5.35	17.94	20.88
6/1/2023 11:49:55	0.00	0.58	0.00	0.00	0.00	0.00	0.00	0.71	0.58	100.00	44.64	4.76	0	578	0	0	0	0	0	0	578	326.07	1.30	0.59	3.51	8.97	5.68	2.68	5.35	17.91	20.80
6/1/2023 11:49:58	0.00	0.57	0.00	0.00	0.00	0.00	0.00	0.72	0.57	100.00	44.63	4.77	0	568	0	0	0	0	0	0	568	326.10	1.25	0.77	3.50	9.08	5.63	2.77	5.35	17.87	20.82
6/1/2023 11:50:01	0.00	0.57	0.00	0.00	0.00	0.00	0.00	0.71	0.57	100.00	44.63	4.73	0	571	0	0	0	0	0	0	571	326.02	1.19	0.78	3.50	9.10	5.64	2.65	5.35	17.80	20.72
6/1/2023 11:50:04	0.00	0.55	0.00	0.00	0.00	0.00	0.00	0.71	0.55	100.00	44.62	4.74	0	551	0	0	0	0	0	0	551	326.11	1.24	0.84	3.47	9.05	5.56	2.75	5.35	17.77	20.66
6/1/2023 11:50:07	0.00	0.59	0.00	0.00	0.00	0.00	0.00	0.71	0.59	100.00	44.57	4.71	0	586	0	0	0	0	0	0	586	325.79	1.22	0.94	3.51	9.06	5.68	2.71	5.35	17.74	20.64
6/1/2023 11:50:10	0.00	0.57	0.00	0.00	0.00	0.00	0.00	0.71	0.57	100.00	44.61	4.72	0	568	0	0	0	0	0	0	568	326.17	1.15	1.00	3.46	9.07	5.64	2.68	5.35	17.68	20.61
6/1/2023 11:50:13	0.00	0.58	0.00	0.00	0.00	0.00	0.00	0.71	0.58	100.00	44.05	4.70	0	578	0	0	0	0	0	0	578	325.59	1.31	0.98	3.50	9.04	5.64	2.79	5.29	17.63	20.56
6/1/2023 11:50:16	0.00	0.59	0.00	0.00	0.00	0.00	0.00	0.72	0.59	100.00	42.24	4.74	0	591	0	0	0	0	0	0	591	326.93	1.29	1.02	3.49	9.22	5.73	2.80	5.12	17.58	20.53
6/1/2023 11:50:19	0.00	0.62	0.00	0.00	0.00	0.00	0.00	0.75	0.62	100.00	40.61	4.78	0	615	0	0	0	0	0	0	615	327.50	1.55	1.06	3.53	9.50	5.83	3.11	4.96	17.53	20.50
6/1/2023 11:50:22	0.00	0.62	0.00	0.00	0.00	0.00	0.00	0.76	0.62	100.00	38.98	4.86	0	617	0	0	0	0	0	0	617	328.01	1.62	1.04	3.52	9.45	5.86	3.26	4.80	17.47	20.46
6/1/2023 11:50:25	0.00	0.61	0.00	0.00	0.00	0.00	0.00	0.76	0.61	100.00	37.32	4.94	0	609	0	0	0	0	0	0	609	328.63	1.62	1.05	3.50	9.46	5.85	3.35	4.64	17.43	20.37
6/1/2023 11:50:28	0.00	0.62	0.00	0.00	0.00	0.00	0.00	0.77	0.62	100.00	35.67	5.08	0	620	0	0	0	0	0	0	620	328.25	1.76	1.10	3.52	9.58	5.88	3.44	4.47	17.39	20.35
6/1/2023 11:50:31	0.00	0.64	0.00	0.00	0.00	0.00	0.00	0.78	0.64	100.00	33.85	5.12	0	638	0	0	0	0	0	0	638	328.96	1.81	1.07	3.59	9.71	5.90	3.43	4.30	17.34	20.27
6/1/2023 11:50:34	0.00	0.68	0.00	0.00	0.00	0.00	0.00	0.79	0.68	100.00	32.19	5.17	0	675	0	0	0	0	0	0	675	329.02	1.74	1.09	3.68	9.86	6.03	3.51	4.13	17.31	20.24
6/1/2023 11:50:37	0.00	0.63	0.00	0.00	0.00	0.00	0.00	0.78	0.63	100.00	30.54	5.23	0	634	0	0	0	0	0	0	634	328.63	1.82	1.05	3.57	9.75	5.91	3.48	3.97	17.27	20.16
6/1/2023 11:50:40	0.00	0.65	0.00	0.05	0.00	0.00	0.00	0.79	0.70	100.00	28.89	5.40	0	651	0	1	0	0	0	0	653	327.57	1.92	1.10	3.65	9.84	6.14	3.78	3.81	17.21	20.17
6/1/2023 11:50:43	0.00	0.61	0.00	0.21	0.00	0.00	0.00	0.83	0.82	100.00	27.26	5.59	0	608	0	6	0	0	0	0	614	328.19	2.46	1.15	3.86	10.60	6.32	4.39	3.65	17.17	20.16
6/1/2023 11:50:46	0.00	0.54	0.00	0.40	0.00	0.00	0.00	0.85	0.94	100.00	25.39	5.87	0	538	0	12	0	0	0	0	550	327.75	2.79	1.20	4.04	11.06	6.55	5.11	3.47	17.13	20.06
6/1/2023 11:50:49	0.00	0.38	0.00	0.75	0.00	0.00	0.00	0.88	1.13	100.00	23.73	6.25	0	376	0	23	0	0	0	0	399	327.81	3.58	1.26	4.24	11.88	6.88	6.19	3.30	17.07	20.03
6/1/2023 11:50:52	0.00	0.19	0.07	1.13	0.00	0.00	0.00	0.92	1.40	100.00	22.03	6.60	0	191	32	34	0	0	0	0	257	327.63	4.47	1.36	4.48	12.97	7.26	7.67	3.14	17.04	20.00
6/1/2023 11:50:54	0.00	0.21	0.84	1.08	0.00	0.00	0.00	0.95	2.14	100.00	20.36	6.87	0	215	377	32	0	0	0	0	625	327.60	5.52	1.52	4.94	14.61	7.75	9.78	2.97	17.01	19.92
6/1/2023 11:50:57	0.00	0.18	1.03	1.11	0.00	0.00	0.00	0.95	2.32	100.00	18.73	7.05	0	185	461	33	0	0	0	0	680	328.22	5.81	1.54	4.99	15.02	7.92	10.39	2.81	16.98	19.96
6/1/2023 11:51:01	0.00	0.24	3.36	0.95	0.00	0.00	0.00	0.99	4.54	100.00	16.84	7.69	0	237	1512	28	0	0	0	0	1777	327.72	9.02	1.91	6.29	19.35	9.27	16.38	2.63	16.94	19.84
6/1/2023 11:51:04	0.12	0.19	7.32	0.87	0.00	0.00	0.00	1.06	8.50	100.00	15.14	8.42	63	193	3293	26	0	0	0	0	3575	326.39	14.91	2.79	8.53	27.33	11.73	27.31	2.46	16.90	19.84
6/1/2023 11:51:06	0.65	0.16	8.30	0.92	0.00	0.00	0.00	1.07	10.03	100.00	13.41	8.91	346	158	3734	28	0	0	0	0	4266	325.74	16.72	3.07	9.37	30.16	12.70	31.17	2.29	16.89	19.80
6/1/2023 11:51:09	0.95	0.00	9.14	1.07	0.00	0.00	0.00	1.08	11.17	100.00	11.69	9.43	506	0	4112	32	0	0	0	0	4650	325.24	18.37	3.31	9.79	32.40	13.43	34.38	2.12	16.86	19.74
6/1/2023 11:51:12	1.98	0.00	12.31	0.34	0.00	0.00	0.00	1.05	14.63	100.00	9.99	10.33	1048	0	5540	10	0	0	0	0	6598	324.06	21.96	3.57	10.72	37.97	14.51	42.95	1.96	16.83	19.67
6/1/2023 11:51:15	3.17	0.00	13.29	0.00	0.00	0.00	0.00	0.90	16.46	100.00	8.11	11.58	1679	0	5981	0	0	0	0	0	7661	323.55	22.91	3.01	11.13	39.09	15.02	46.29	1.77	16.80	19.66
6/1/2023 11:51:18	8.92	0.00	13.97	0.00	0.00	0.00	0.00	0.34	22.89	100.00	6.41	12.77	4727	0	6288	0	0	0	0	0	11016	322.35	24.67	3.86	12.20	41.55	15.15	57.73	1.61	16.79	19.59
6/1/2023 11:51:21	6.92	0.00	19.58	0.00	0.00	0.00	0.00	0.39	26.51	100.00	4.69	13.95	3670	0	8811	0	0	0	0	0	12481	319.49	32.41	5.47	13.27	49.13	18.36	69.05	1.44	16.78	19.56
6/1/2023 11:51:24	4.50	0.00	17.38	0.00	0.00	0.00	0.00	0.44	21.88	100.00	2.96	15.18	2385	0	7819	0	0	0	0	0	10205	317.61	28.59	3.55	13.11	42.48	17.94	57.24	1.27	16.76	19.50
6/1/2023 11:51:27	14.98	0.00	0.00	0.00	0.00	0.00	0.00	0.00	14.98	100.00	1.51	16.30	7938	0	0	0	0	0	0	0	7938	258.38	-12.73	-0.19	9.35	20.43	9.60	34.14	1.13	16.78	19.46
6/1/2023 11:51:30	10.55	0.00	0.00	0.00	0.00	0.00	0.00	1.14	10.55	100.00	1.38	16.48	5590	0	0	0	0	0	0	0	5590	261.46	-6.89	3.79	-1.59	29.95	17.32	29.68	1.11	16.76	19.46
6/1/2023 11:51:33	3.50	0.57	2.56	0.00	0.00	0.00	0.00	1.24	6.63	100.00	1.37	16.48	1856	565	1152	0	0	0	0	0	3574	283.61	8.04	-3.43	6.04	24.76	11.80	20.75	1.11	16.78	19.45
6/1/2023 11:51:36	8.56	2.70	6.30	0.00	0.00	0.00	0.00	0.00	17.56	100.00	1.32	16.51	4535	2702	2835	0	0	0	0	0	10073	278.09	14.79	-9.39	26.18	20.50	10.28	36.67	1.11	16.80	19.35
6/1/2023 11:51:39	4.39	0.00	8.73	1.78	0.00	0.00	0.00	0.90	14.90	100.00	1.34	16.56	2325	0	3930	53	0	0	0	0	6309	285.57	20.11	2.96	11.54	35.58	17.09	40.79	1.11	16.80	19.34
6/1/2023 11:51:42	5.61	1.80	0.00	5.56	0.00	0.00	0.00	1.25	12.97	100.00	1.38	16.59	2974	1804	0	167	0	0	0	0	4944	314.38	16.04	4.27	16.37	33.37	26.35	31.41	1.11	16.79	19.30
6/1/2023 11:51:45	0.00	0.00	12.93	0.00	0.00	0.00	0.00	0.31	12.93	100.00	1.31	16.66	0	0	5821	0	0	0	0	0	5821	325.24	24.21	2.37	5.76	26.62	11.88	33.80	1.11	16.83	19.26
6/1/2023 11:51:48	2.56	0.00	8.79	0.00	0.00	0.00	0.00	0.00	11.35	100.00	0.31	17.11	1355	0	3955	0	0	0	0	0	5310	281.58	13.00	4.70	0.68	17.43	7.94	31.49	1.01	16.81	19.17
6/1/2023 11:51:51	9.61	0.00	0.50	0.00	0.00	0.00	0.00	0.85	10.11	100.00	0.34	17.27	5091	0	226	0	0	0	0	0	5317	275.24	5.57	-1.18	3.69	24.34	4.68	28.03	1.01	16.84	19.21
6/1/2023 11:51:54	4.40	0.00	0.00	1.33	0.00	0.00	0.00	1.98	5.72	100.00	0.31	17.22	2330	0	0	40	0	0	0	0	2370	314.35	7.63	8.18	8.38	32.99	7.54	23.24	1.01	16.85	19.17
6/1/2023 11:51:57	3.33	1.65	2.38	0.00	0.00	0.00	0.00	2.03	7.35	100.00	0.36	17.35	1763	1652	1069	0	0	0	0	0	4484	258.75	9.92	-1.43	11.36	34.76	11.68	24.70	1.01	16.90	19.21
6/1/2023 11:52:00	0.00	0.00	0.00	4.42	0.00	0.00	0.00	1.17	4.42	94.85	0.35	17.36	0	0	0	133	0	0	0	0	133	240.57	24.12	-3.05	7.59	23.37	13.92	8.09	1.01	16.90	19.14
6/1/2023 11:52:03	0.00	0.00	4.33	0.00	0.00	0.00	0.00	0.39	4.33	49.42	0.28	17.36	0	0	1949	0	0	0	0	0	1949	125.37	10.24	0.22	9.34	12.68	-0.17	11.64	1.01	16.93	19.09
6/1/2023 11:52:06	0.00	0.00	1.56	0.00	0.00	0.00	0.00	0.87	1.56	58.29	0.32	17.46	0	0	704	0	0	0	0	0	704	147.87	4.88	-0.14	-1.78	12.45	3.29	10.39	1.01	16.95	19.08
6/1/2023 11:52:09	0.00	0.00	1.67	0.00	0.00	0.00	0.00	1.59	1.67	77.58	0.31	17.48	0	0	751	0	0	0	0	0	751	196.78	6.54	-2.84	1.00	21.61	2.68	14.89	1.01	16.97	19.06
6/1/2023 11:52:12	3.47	0.00	0.00	0.00	0.00	0.00	0.00	1.60	3.47	71.12	0.33	17.54	1840	0	0	0	0	0	0	0	1840	180.38	2.93	2.73	-0.28	23.76	2.00	19.14	1.01	17.01	19.08
6/1/2023 11:52:15	0.00	0.00	12.92	0.00	0.00	0.00	0.00	0.00	12.92	100.00	0.41	17.51	0	0	5815	0	0	0	0	0	5815	305.54	27.01	3.29	9.27	21.08	4.19	31.91	1.02	17.06	19.01
6/1/2023 11:52:18	0.00	0.00	0.00	4.10	0.00	0.00	0.00	2.27	4.10	100.00	0.61	17.50	0	0	0	123	0	0	0	0	123	280.32	14.75	9.29	-10.48	33.62	22.29	23.42	1.04	17.07	19.01
6/1/2023 11:52:21	6.99	0.00	0.00	3.30	0.00	0.00	0.00	0.51	10.29	100.00	2.22	17.01	3704	0	0	99	0	0	0	0	3803	331.04	11.18	3.72	5.19	20.76	16.09	25.65	1.20	17.11	18.97
6/1/2023 11:52:24	6.54	0.00	13.09	0.00	0.00	0.00	0.00	0.13	19.63	100.00	4.47	15.67	3467	0	5889	0	0	0	0	0	9356	326.85	21.96	5.69	11.98	34.06	13.44	48.57	1.42	17.15	18.93
6/1/2023 11:52:27	9.16	0.00	18.14	0.00	0.00	0.00	0.00	0.61	27.30	100.00	6.51	14.30	4854	0	8164	0	0	0	0	0	13017	326.25	31.56	3.44	12.37	52.39	18.60	71.68	1.62	17.19	18.95
6/1/2023 11:52:30	6.18	0.00	14.12	0.00	0.00	0.00	0.00	0.76	20.30	100.00	9.17	12.57	3273	0	6354	0	0	0	0	0	9627	329.48	24.81	3.60	11.50	43.03	16.16	54.42	1.88	17.21	18.85
6/1/2023 11:52:33	1.98	0.00	13.29	0.02	0.00	0.00	0.00	1.09	15.29	100.00	11.21	11.05	1048	0	5982	0	0	0	0	0	7030	330.55	22.87	3.36	10.71	39.70	14.59	45.05	2.08	17.25	18.88
6/1/2023 11:52:36	0.87	0.04	11.41	0.51	0.00	0.00	0.00	1.15	12.83	100.00	13.24	10.00	463	40	5133	15	0	0	0	0	5651	331.54	20.80	3.20	10.46	36.25	13.79	39.23	2.28	17.27	18.88
6/1/2023 11:52:39	0.32	0.17	9.18	0.70	0.00	0.00	0.00	1.17	10.37	100.00	15.24	9.26	172	166	4131	21	0	0	0	0	4490	332.49	17.72	2.76	9.41	32.14	12.87	32.91	2.47	17.29	18.85
6/1/2023 11:52:42	0.23	0.16	8.58	0.79	0.00	0.00	0.00	1.16	9.76	100.00	16.83	8.87	123	161	3859	24	0	0	0	0	4167	332.23	16.92	2.78	9.13	30.87	12.58	31.26	2.63	17.28	18.85
6/1/2023 11:52:45	0.00	0.12	3.01	0.96	0.00	0.00	0.00	1.02	4.09	100.00	19.65	7.97	0	118	1356	29	0	0	0	0	1503	333.69	8.65	1.65	5.78	19.12	8.89	15.64	2.90	17.32	18.88
6/1/2023 11:52:48	0.00	0.14	1.21	1.08	0.00	0.00	0.00	0.97	2.43	100.00	21.69	7.28	0	142	546	32	0	0	0	0	720	334.10	6.16	1.36	4.92	15.54	7.93	10.86	3.10	17.32	18.85
6/1/2023 11:52:51	0.00	0.13	0.58	1.06	0.00	0.00	0.00	0.97	1.77	100.00	23.31	6.98	0	130	262	32	0	0	0	0	425	333.69	5.18	1.24	4.50	14.35	7.42	9.14	3.26	17.32	18.85
6/1/2023 11:52:54	0.00	0.23	0.00	0.88	0.00	0.00	0.00	0.95	1.11	100.00	24.93	6.62	0	231	0	26	0	0	0	0	257	333.86	3.94	1.00	4.17	12.84	6.83	7.08	3.42	17.34	18.85
6/1/2023 11:52:57	0.00	0.36	0.00	0.57	0.00	0.00	0.00	0.91	0.94	100.00	26.75	6.25	0	362	0	17	0	0	0	0	380	333.51	3.33	0.89	3.86	11.93	6.61	5.86	3.60	17.35	18.92
6/1/2023 11:53:00	0.00	0.49	0.00	0.26	0.00	0.00	0.00	0.88	0.75	100.00	28.60	5.88	0	490	0	8	0	0	0	0	498	333.94	2.75	0.74	3.64	11.15	6.26	4.76	3.78	17.37	18.84
6/1/2023 11:53:03	0.00	0.53	0.00	0.14	0.00	0.00	0.00	0.85	0.66	100.00	30.52	5.53	0	525	0	4	0	0	0	0	529	333.71	2.40	0.65	3.51	10.60	6.09	4.31	3.97	17.37	18.80
6/1/2023 11:53:06	0.00	0.57	0.00	0.00	0.00	0.00	0.00	0.83	0.57	100.00	32.28	5.35	0	569	0	0	0	0	0	0	569	334.55	1.99	0.57	3.42	10.38	5.89	3.70	4.14	17.37	18.88
6/1/2023 11:53:08	0.00	0.54	0.00	0.00	0.00	0.00	0.00	0.82	0.54	100.00	34.12	5.28	0	543	0	0	0	0	0	0	543	334.58	1.83	0.56	3.37	10.22	5.80	3.57	4.32	17.37	18.85
6/1/2023 11:53:11	0.00	0.55	0.00	0.00	0.00	0.00	0.00	0.82	0.55	100.00	36.10	5.21	0	555	0	0	0	0	0	0	555	334.89	1.75	0.49	3.40	10.26	5.84	3.43	4.52	17.37	18.84
6/1/2023 11:53:15	0.00	0.55	0.00	0.00	0.00	0.00	0.00	0.80	0.55	100.00	38.02	5.10	0	547	0	0	0	0	0	0	547	334.72	1.71	0.53	3.41	9.98	5.76	3.46	4.70	17.37	18.80
6/1/2023 11:53:18	0.00	0.55	0.00	0.00	0.00	0.00	0.00	0.79	0.55	100.00	39.75	4.97	0	554	0	0	0	0	0	0	554	334.17	1.69	0.51	3.40	9.92	5.80	3.32	4.87	17.36	18.74
6/1/2023 11:53:20	0.00	0.52	0.00	0.00	0.00	0.00	0.00	0.78	0.52	100.00	41.11	4.88	0	520	0	0	0	0	0	0	520	333.79	1.54	0.41	3.36	9.79	5.67	3.13	5.01	17.37	18.74
6/1/2023 11:53:23	0.00	0.51	0.00	0.00	0.00	0.00	0.00	0.76	0.51	100.00	42.79	4.79	0	514	0	0	0	0	0	0	514	333.30	1.48	0.38	3.38	9.59	5.58	3.02	5.17	17.37	18.77
6/1/2023 11:53:26	0.00	0.51	0.00	0.00	0.00	0.00	0.00	0.75	0.51	100.00	44.29	4.74	0	508	0	0	0	0	0	0	508	332.64	1.35	0.36	3.33	9.54	5.62	2.87	5.32	17.37	18.77
6/1/2023 11:53:29	0.00	0.50	0.00	0.00	0.00	0.00	0.00	0.73	0.50	100.00	45.63	4.75	0	497	0	0	0	0	0	0	497	331.89	1.24	0.34	3.42	9.35	5.42	2.64	5.45	17.36	18.74
6/1/2023 11:53:32	0.00	0.49	0.00	0.00	0.00	0.00	0.00	0.73	0.49	100.00	45.71	4.76	0	489	0	0	0	0	0	0	489	331.67	1.26	0.31	3.37	9.36	5.44	2.61	5.46	17.35	18.72
6/1/2023 11:53:35	0.00	0.50	0.00	0.00	0.00	0.00	0.00	0.74	0.50	100.00	45.68	4.76	0	500	0	0	0	0	0	0	500	332.19	1.31	0.41	3.40	9.44	5.47	2.80	5.46	17.32	18.72
6/1/2023 11:53:38	0.00	0.51	0.00	0.00	0.00	0.00	0.00	0.74	0.51	100.00	45.34	4.77	0	509	0	0	0	0	0	0	509	331.77	1.24	0.39	3.37	9.46	5.58	2.80	5.42	17.31	18.69
6/1/2023 11:53:41	0.00	0.52	0.00	0.00	0.00	0.00	0.00	0.74	0.52	100.00	43.77	4.79	0	523	0	0	0	0	0	0	523	331.88	1.30	0.37	3.42	9.41	5.57	2.77	5.27	17.30	18.72
6/1/2023 11:53:44	0.00	0.54	0.00	0.00	0.00	0.00	0.00	0.76	0.54	100.00	41.99	4.82	0	538	0	0	0	0	0	0	538	333.26	1.49	0.41	3.39	9.67	5.71	3.00	5.09	17.26	18.63
6/1/2023 11:53:47	0.00	0.53	0.00	0.00	0.00	0.00	0.00	0.77	0.53	100.00	40.38	4.85	0	528	0	0	0	0	0	0	528	334.03	1.53	0.45	3.35	9.69	5.71	3.17	4.94	17.26	18.66
6/1/2023 11:53:50	0.00	0.55	0.00	0.00	0.00	0.00	0.00	0.78	0.55	100.00	38.76	4.96	0	547	0	0	0	0	0	0	547	334.17	1.63	0.39	3.45	9.84	5.73	3.30	4.78	17.21	18.58
6/1/2023 11:53:53	0.00	0.58	0.00	0.00	0.00	0.00	0.00	0.79	0.58	100.00	37.07	5.07	0	583	0	0	0	0	0	0	583	334.77	1.77	0.56	3.47	9.93	5.85	3.32	4.61	17.21	18.56
6/1/2023 11:53:56	0.00	0.58	0.00	0.00	0.00	0.00	0.00	0.80	0.58	100.00	35.39	5.12	0	579	0	0	0	0	0	0	579	335.14	1.82	0.50	3.48	9.95	5.85	3.52	4.45	17.21	18.55
6/1/2023 11:53:59	0.00	0.57	0.00	0.00	0.00	0.00	0.00	0.80	0.57	100.00	33.55	5.17	0	569	0	0	0	0	0	0	569	335.29	1.79	0.49	3.44	9.98	5.84	3.41	4.27	17.16	18.51
6/1/2023 11:54:02	0.00	0.61	0.00	0.00	0.00	0.00	0.00	0.82	0.61	100.00	31.83	5.22	0	609	0	0	0	0	0	0	609	335.39	1.89	0.48	3.51	10.25	6.00	3.56	4.10	17.14	18.51
6/1/2023 11:54:05	0.00	0.64	0.00	0.00	0.00	0.00	0.00	0.84	0.64	100.00	30.15	5.35	0	639	0	0	0	0	0	0	639	335.86	2.03	0.55	3.65	10.37	6.01	3.85	3.93	17.10	18.50
6/1/2023 11:54:08	0.00	0.61	0.00	0.08	0.00	0.00	0.00	0.84	0.69	100.00	28.44	5.53	0	609	0	2	0	0	0	0	611	335.32	2.32	0.58	3.68	10.48	6.14	4.18	3.76	17.08	18.50
6/1/2023 11:54:11	0.00	0.57	0.00	0.23	0.00	0.00	0.00	0.88	0.80	100.00	26.82	5.74	0	567	0	7	0	0	0	0	574	335.42	2.72	0.71	3.86	11.19	6.34	4.80	3.61	17.05	18.40
6/1/2023 11:54:14	0.00	0.50	0.00	0.41	0.00	0.00	0.00	0.89	0.91	100.00	24.94	6.15	0	498	0	12	0	0	0	0	510	335.45	3.00	0.78	3.96	11.58	6.60	5.41	3.42	17.02	18.42
6/1/2023 11:54:17	0.00	0.32	0.00	0.96	0.00	0.00	0.00	0.95	1.28	100.00	23.27	6.58	0	315	0	29	0	0	0	0	344	335.61	4.03	1.06	4.42	12.91	7.32	7.25	3.26	16.98	18.40
6/1/2023 11:54:20	0.00	0.34	0.97	0.80	0.00	0.00	0.00	0.90	2.11	100.00	21.55	6.89	0	342	436	24	0	0	0	0	801	335.01	5.24	0.94	4.87	13.86	7.58	9.12	3.09	16.95	18.40
6/1/2023 11:54:23	0.00	0.24	1.25	0.96	0.00	0.00	0.00	0.93	2.45	100.00	19.86	7.02	0	237	562	29	0	0	0	0	828	334.68	5.81	1.22	4.98	14.84	7.95	10.48	2.92	16.92	18.32
6/1/2023 11:54:26	0.00	0.21	1.67	1.00	0.00	0.00	0.00	0.96	2.88	100.00	18.20	7.30	0	212	752	30	0	0	0	0	994	334.61	6.65	1.29	5.23	16.06	8.29	11.83	2.76	16.91	18.29
6/1/2023 11:54:29	0.00	0.22	4.74	0.94	0.00	0.00	0.00	1.03	5.91	100.00	16.31	8.07	0	220	2135	28	0	0	0	0	2383	334.56	11.32	1.92	7.04	22.36	10.27	20.21	2.58	16.87	18.24
6/1/2023 11:54:32	0.00	0.37	7.93	0.73	0.00	0.00	0.00	1.10	9.02	100.00	14.68	8.61	0	368	3567	22	0	0	0	0	3957	333.54	15.80	2.65	9.10	28.73	12.26	28.60	2.42	16.85	18.22
6/1/2023 11:54:35	0.25	0.21	8.61	0.81	0.00	0.00	0.00	1.10	9.89	100.00	12.98	8.97	133	214	3874	24	0	0	0	0	4245	333.35	16.95	2.67	9.27	30.36	12.81	31.13	2.25	16.85	18.19
6/1/2023 11:54:38	1.02	0.02	9.62	0.83	0.00	0.00	0.00	1.09	11.49	100.00	11.27	9.64	540	25	4328	25	0	0	0	0	4917	332.09	18.67	2.88	9.77	33.08	13.45	35.25	2.08	16.80	18.19
6/1/2023 11:54:41	2.09	0.00	12.38	0.37	0.00	0.00	0.00	1.06	14.85	100.00	9.62	10.45	1110	0	5570	11	0	0	0	0	6691	330.87	22.23	3.37	10.98	38.51	14.74	43.49	1.92	16.78	18.14
6/1/2023 11:54:44	3.98	0.00	13.62	0.00	0.00	0.00	0.00	0.95	17.60	100.00	7.81	11.48	2109	0	6130	0	0	0	0	0	8240	329.69	23.68	3.75	10.98	41.34	14.81	49.58	1.74	16.77	18.10
6/1/2023 11:54:47	6.97	0.00	15.87	0.00	0.00	0.00	0.00	0.62	22.84	100.00	6.12	13.10	3696	0	7142	0	0	0	0	0	10838	328.77	27.37	3.75	11.53	45.39	16.67	60.55	1.58	16.75	18.14
6/1/2023 11:54:50	8.99	0.00	19.06	0.00	0.00	0.00	0.00	0.24	28.05	100.00	4.44	14.16	4764	0	8576	0	0	0	0	0	13340	326.08	31.98	4.75	12.54	49.05	17.53	71.83	1.41	16.75	18.11
6/1/2023 11:54:53	4.81	0.00	15.78	0.12	0.00	0.00	0.00	0.57	20.70	100.00	2.76	15.21	2548	0	7101	3	0	0	0	0	9652	326.20	26.64	4.61	12.02	41.90	17.94	54.70	1.25	16.74	18.05
6/1/2023 11:54:56	14.40	0.00	3.31	0.00	0.00	0.00	0.00	0.05	17.71	100.00	1.08	16.22	7632	0	1492	0	0	0	0	0	9123	324.41	9.73	2.65	7.94	26.68	6.07	40.47	1.08	16.76	18.01
6/1/2023 11:54:59	14.69	2.07	0.00	0.00	0.00	0.00	0.00	0.08	16.76	100.00	0.32	16.92	7784	2073	0	0	0	0	0	0	9856	295.75	5.17	2.46	15.55	23.57	14.96	29.52	1.01	16.74	17.98
6/1/2023 11:55:02	9.41	0.00	0.00	0.00	0.00	0.00	0.00	0.71	9.41	100.00	0.37	16.72	4986	0	0	0	0	0	0	0	4986	257.13	4.28	4.74	-4.87	20.78	10.77	26.16	1.02	16.77	17.92
6/1/2023 11:55:05	0.39	0.00	8.06	0.00	0.00	0.00	0.00	0.79	8.45	100.00	0.42	16.68	208	0	3627	0	0	0	0	0	3836	261.70	13.34	-1.15	-0.68	23.40	15.01	27.81	1.02	16.77	17.95
6/1/2023 11:55:08	0.00	0.00	4.18	0.00	0.00	0.00	0.00	0.00	4.18	90.78	-0.01	16.89	0	0	1880	0	0	0	0	0	1880	230.24	9.30	-4.59	5.60	4.69	5.19	10.50	0.98	16.79	17.92
6/1/2023 11:55:11	0.00	0.41	0.00	0.00	0.00	0.00	0.00	0.00	0.41	62.78	-0.14	16.85	0	411	0	0	0	0	0	0	411	159.26	-9.96	0.32	3.28	5.24	5.45	-17.12	0.96	16.78	17.89
6/1/2023 11:55:14	0.00	1.16	0.00	0.00	0.00	0.00	0.00	0.00	1.16	76.58	-0.14	16.33	0	1161	0	0	0	0	0	0	1161	194.24	-7.89	0.87	11.51	-6.37	1.45	0.84	0.96	16.79	17.85
6/1/2023 11:55:17	0.00	1.30	0.54	0.00	0.00	0.00	0.00	0.00	1.84	29.36	-0.12	15.91	0	1305	241	0	0	0	0	0	1545	74.51	1.95	-2.70	10.60	-0.72	1.70	2.15	0.97	16.80	17.87
6/1/2023 11:55:20	4.90	0.00	0.00	0.00	0.00	0.00	0.00	0.00	4.90	93.34	-0.14	15.52	2598	0	0	0	0	0	0	0	2598	236.72	-1.62	-0.19	1.56	3.12	9.20	12.47	0.96	16.79	17.82
6/1/2023 11:55:23	0.00	3.13	0.00	0.00	0.00	0.00	0.00	0.04	3.13	93.02	-0.14	15.20	0	3134	0	0	0	0	0	0	3134	235.92	-1.05	-3.53	14.22	2.33	7.07	-0.34	0.96	16.81	17.76
6/1/2023 11:55:26	0.00	3.46	0.00	0.00	0.00	0.00	0.00	0.00	3.46	91.15	-0.13	14.92	0	3458	0	0	0	0	0	0	3458	231.19	-2.29	6.52	14.86	-11.72	9.41	8.27	0.97	16.83	17.76
6/1/2023 11:55:29	0.00	4.37	0.00	0.00	0.00	0.00	0.00	0.22	4.37	86.82	-0.12	14.65	0	4368	0	0	0	0	0	0	4368	220.19	7.03	6.38	9.50	8.36	16.03	-8.78	0.97	16.84	17.74
6/1/2023 11:55:32	0.00	2.74	0.00	0.00	0.00	0.00	0.00	0.00	2.74	94.99	-0.11	14.43	0	2736	0	0	0	0	0	0	2736	240.92	-9.25	-7.70	12.52	-0.55	9.91	0.38	0.97	16.86	17.74
6/1/2023 11:55:35	0.00	3.68	0.00	0.00	0.00	0.00	0.00	0.00	3.68	90.84	-0.12	14.21	0	3678	0	0	0	0	0	0	3678	230.38	5.95	-4.84	20.51	0.28	1.78	-6.25	0.97	16.86	17.79
6/1/2023 11:55:37	0.00	2.56	0.00	0.00	0.00	0.00	0.00	0.00	2.56	92.50	-0.12	14.00	0	2556	0	0	0	0	0	0	2556	234.60	-6.78	-4.87	15.07	-14.09	8.03	-0.16	0.97	16.90	17.82
6/1/2023 11:55:40	0.00	1.52	0.00	0.30	0.00	0.00	0.00	0.03	1.82	89.00	-0.12	13.85	0	1520	0	9	0	0	0	0	1529	225.72	2.10	9.23	7.84	2.03	3.83	-1.44	0.97	16.90	17.68
6/1/2023 11:55:44	0.00	5.69	0.00	0.00	0.00	0.00	0.00	0.00	5.69	90.72	-0.11	13.69	0	5687	0	0	0	0	0	0	5687	230.09	12.30	4.80	19.49	-1.09	11.73	-5.93	0.97	16.92	17.71
6/1/2023 11:55:47	0.00	2.28	0.00	0.00	0.00	0.00	0.00	0.00	2.28	91.35	-0.11	13.57	0	2277	0	0	0	0	0	0	2277	231.69	7.14	1.18	9.61	-5.80	7.30	-15.37	0.97	16.93	17.66
