Date/Time	Green Algae	Bluegreen	Diatoms	Cryptophyta	#5	#6	#7	Yellow substances	Total conc.	Transmission	Depth	Temp. Sample	Green Algae	Bluegreen	Diatoms	Cryptophyta	#5	#6	#7	Yellow substances	Total cell count	Trans. 700 nm	LED 3 [525 nm]	LED 4 [570 nm]	LED 5 [610 nm]	LED 6 [370 nm]	LED 7 [590 nm]	LED 8 [470 nm]	Pressure	Temp. LEDs	Temp. Sensor
date	µg/l	µg/l	µg/l	µg/l	µg/l	µg/l	µg/l	r.u.	µg/l	%	m	°C	cells/ml	cells/ml	cells/ml	cells/ml	cells/ml	cells/ml	cells/ml	r.u.	cells/ml	digits	digits	digits	digits	digits	digits	digits	bar	°C	°C
6/27/2023 10:32:11	1.70	3.99	0.00	0.00	0.00	0.00	0.00	0.00	5.69	97.07	0.00	21.98	900	3993	0	0	0	0	0	0	4892	246.20	-0.93	6.73	19.28	-3.05	7.47	8.82	0.96	22.80	22.78
6/27/2023 10:32:14	0.00	6.90	0.00	0.00	0.00	0.00	0.00	0.00	6.90	100.00	0.01	22.03	0	6902	0	0	0	0	0	0	6902	254.95	1.19	0.62	19.00	5.81	20.94	-5.51	0.96	22.89	22.82
6/27/2023 10:32:17	0.00	2.91	0.00	0.00	0.00	0.00	0.00	0.44	2.91	95.12	0.01	22.07	0	2907	0	0	0	0	0	0	2907	241.25	-5.54	2.53	11.29	12.78	8.92	-8.25	0.96	22.99	22.86
6/27/2023 10:32:20	0.00	2.35	0.00	0.00	0.00	0.00	0.00	0.00	2.35	94.82	0.00	22.10	0	2355	0	0	0	0	0	0	2355	240.47	-10.10	4.80	7.03	2.06	11.56	-1.62	0.96	23.05	22.88
6/27/2023 10:32:23	0.00	0.91	0.00	0.00	0.00	0.00	0.00	0.00	0.91	93.15	0.00	22.11	0	912	0	0	0	0	0	0	912	236.26	-4.93	-1.33	7.33	-4.51	4.42	-0.09	0.96	23.12	22.86
6/27/2023 10:32:26	0.00	3.63	0.00	0.00	0.00	0.00	0.00	0.00	3.63	87.67	0.07	22.01	0	3627	0	0	0	0	0	0	3627	222.37	-0.31	13.63	7.29	3.92	14.59	-10.14	0.96	23.17	22.96
6/27/2023 10:32:29	2.71	0.00	0.00	1.86	0.00	0.00	0.00	0.23	4.57	100.00	0.23	20.73	1436	0	0	56	0	0	0	0	1492	268.79	4.86	2.51	5.67	9.28	9.27	10.74	0.98	23.26	22.88
6/27/2023 10:32:32	3.71	0.71	0.00	0.90	0.00	0.00	0.00	0.25	5.32	100.00	0.22	20.60	1966	710	0	27	0	0	0	0	2703	283.14	2.61	2.93	6.43	9.96	9.91	10.63	0.98	23.31	22.91
6/27/2023 10:32:35	0.00	1.26	1.68	0.61	0.00	0.00	0.00	0.98	3.55	100.00	0.28	20.56	0	1261	755	18	0	0	0	0	2034	308.49	8.18	1.05	7.82	16.60	9.04	10.11	0.98	23.37	22.93
6/27/2023 10:32:38	4.80	0.00	0.00	0.74	0.00	0.00	0.00	0.48	5.54	100.00	0.33	20.55	2542	0	0	22	0	0	0	0	2564	306.19	2.01	2.99	4.22	13.83	9.64	13.79	0.99	23.40	22.91
6/27/2023 10:32:41	2.69	0.34	1.24	0.00	0.00	0.00	0.00	0.82	4.27	100.00	0.35	20.52	1428	338	558	0	0	0	0	0	2323	308.85	4.63	-2.19	4.50	15.87	8.73	13.11	0.99	23.46	22.99
6/27/2023 10:32:44	0.00	0.00	1.65	0.00	0.00	0.00	0.00	0.31	1.65	100.00	0.65	20.45	0	0	741	0	0	0	0	0	741	295.40	3.43	0.24	4.95	6.28	2.36	5.38	1.02	23.51	22.99
6/27/2023 10:32:47	1.41	0.64	0.00	0.00	0.00	0.00	0.00	0.73	2.05	100.00	0.58	20.43	747	640	0	0	0	0	0	0	1387	297.13	1.41	4.72	6.94	11.20	2.82	6.75	1.01	23.56	23.03
6/27/2023 10:32:50	2.93	0.00	2.68	0.00	0.00	0.00	0.00	0.24	5.61	100.00	0.42	20.46	1554	0	1206	0	0	0	0	0	2760	275.55	5.38	-4.60	0.18	10.69	6.83	16.03	1.00	23.58	23.03
6/27/2023 10:32:53	2.07	0.00	0.00	0.00	0.00	0.00	0.00	0.96	2.07	100.00	0.44	20.47	1095	0	0	0	0	0	0	0	1095	307.36	-1.53	2.35	4.91	14.73	-1.21	11.00	1.00	23.65	23.03
6/27/2023 10:32:56	0.00	0.28	0.00	1.76	0.00	0.00	0.00	1.04	2.05	100.00	0.42	20.48	0	284	0	53	0	0	0	0	337	292.02	2.14	6.66	1.43	16.44	13.76	8.18	1.00	23.68	23.03
6/27/2023 10:32:59	0.38	0.00	0.00	0.00	0.00	0.00	0.00	1.20	0.38	100.00	0.43	20.48	203	0	0	0	0	0	0	0	203	300.27	-0.24	-2.33	-2.20	14.63	8.79	8.50	1.00	23.71	23.03
6/27/2023 10:33:02	0.00	0.00	4.59	0.00	0.00	0.00	0.00	0.64	4.59	100.00	0.41	20.44	0	0	2064	0	0	0	0	0	2064	302.17	11.03	-1.83	7.35	15.90	0.96	14.62	1.00	23.76	23.25
6/27/2023 10:33:05	0.00	0.00	5.35	0.00	0.00	0.00	0.00	0.04	5.35	100.00	0.46	20.46	0	0	2408	0	0	0	0	0	2408	302.86	8.35	-0.61	2.13	9.05	6.13	14.90	1.00	23.78	23.11
6/27/2023 10:33:08	0.00	0.00	0.87	0.00	0.00	0.00	0.00	0.97	0.87	100.00	0.42	20.49	0	0	391	0	0	0	0	0	391	269.34	6.42	2.38	-0.91	12.87	0.30	7.49	1.00	23.81	23.14
6/27/2023 10:33:11	0.00	0.00	4.50	0.00	0.00	0.00	0.00	0.54	4.50	100.00	0.42	20.47	0	0	2027	0	0	0	0	0	2027	269.51	8.70	6.83	5.27	14.03	-3.67	16.04	1.00	23.85	23.20
6/27/2023 10:33:14	1.49	0.00	2.40	0.00	0.00	0.00	0.00	0.65	3.89	100.00	0.42	20.47	791	0	1078	0	0	0	0	0	1868	277.73	5.30	-3.39	1.74	13.14	-0.23	15.84	1.00	23.86	23.14
6/27/2023 10:33:17	0.00	0.00	3.65	0.63	0.00	0.00	0.00	0.29	4.29	100.00	0.43	20.46	0	0	1644	19	0	0	0	0	1663	254.75	10.53	2.42	-2.54	10.33	9.50	11.68	1.00	23.88	23.11
6/27/2023 10:33:20	0.00	0.00	0.00	2.30	0.00	0.00	0.00	0.74	2.30	100.00	0.41	20.46	0	0	0	69	0	0	0	0	69	260.31	8.23	3.90	-2.34	12.64	12.67	7.79	1.00	23.93	23.14
6/27/2023 10:33:23	5.43	0.00	0.00	0.10	0.00	0.00	0.00	0.20	5.53	100.00	0.42	20.50	2880	0	0	3	0	0	0	0	2883	290.51	2.31	2.31	2.46	9.79	6.89	12.51	1.00	23.93	23.14
6/27/2023 10:33:25	3.52	0.00	1.10	0.00	0.00	0.00	0.00	0.75	4.63	100.00	0.43	20.48	1867	0	496	0	0	0	0	0	2363	254.79	3.67	2.65	1.17	15.10	0.23	17.00	1.00	23.97	23.24
6/27/2023 10:33:29	0.00	0.00	0.00	3.27	0.00	0.00	0.00	0.53	3.27	100.00	0.42	20.43	0	0	0	98	0	0	0	0	98	262.65	11.53	3.30	-2.86	10.69	13.61	10.54	1.00	23.99	23.20
6/27/2023 10:33:32	3.74	3.33	0.00	0.00	0.00	0.00	0.00	0.29	7.07	100.00	0.43	20.45	1983	3326	0	0	0	0	0	0	5309	292.37	-3.92	3.43	10.26	11.10	17.27	9.28	1.00	24.01	23.27
6/27/2023 10:33:35	3.00	0.69	0.00	0.68	0.00	0.00	0.00	0.45	4.37	100.00	0.39	20.44	1591	691	0	20	0	0	0	0	2302	301.46	1.08	3.27	4.81	11.18	10.55	9.97	0.99	24.04	23.28
6/27/2023 10:33:37	0.00	0.88	0.00	0.00	0.00	0.00	0.00	0.82	0.88	100.00	0.37	20.44	0	878	0	0	0	0	0	0	878	271.19	7.39	0.44	4.42	11.68	5.07	-0.63	0.99	24.06	23.25
6/27/2023 10:33:40	0.51	0.00	3.70	0.00	0.00	0.00	0.00	0.57	4.22	100.00	0.38	20.44	273	0	1666	0	0	0	0	0	1939	296.51	7.25	-3.91	6.70	13.69	2.76	14.29	0.99	24.08	23.22
6/27/2023 10:33:44	0.00	0.00	1.26	0.00	0.00	0.00	0.00	0.66	1.26	100.00	0.38	20.43	0	0	567	0	0	0	0	0	567	269.82	5.91	-1.38	-3.87	9.45	6.33	6.66	0.99	24.11	23.24
6/27/2023 10:33:46	0.00	0.00	1.79	0.00	0.00	0.00	0.00	1.25	1.79	100.00	0.42	20.45	0	0	805	0	0	0	0	0	805	289.83	8.12	-0.54	3.84	18.45	2.20	10.64	1.00	24.11	23.22
6/27/2023 10:33:49	3.90	0.00	1.83	0.00	0.00	0.00	0.00	0.00	5.73	100.00	0.42	20.44	2067	0	825	0	0	0	0	0	2891	257.43	3.57	2.84	3.88	7.95	2.43	13.77	1.00	24.11	23.20
6/27/2023 10:33:52	0.81	0.34	0.00	0.12	0.00	0.00	0.00	1.08	1.27	100.00	0.44	20.44	428	342	0	4	0	0	0	0	774	309.99	1.69	5.89	4.78	14.61	3.98	7.90	1.00	24.14	23.35
6/27/2023 10:33:55	2.35	0.00	0.00	3.01	0.00	0.00	0.00	0.30	5.36	100.00	0.41	20.43	1245	0	0	90	0	0	0	0	1336	289.05	7.81	7.34	5.14	11.10	10.25	13.95	1.00	24.17	23.27
6/27/2023 10:33:58	6.41	0.00	0.00	0.11	0.00	0.00	0.00	0.01	6.52	100.00	0.39	20.42	3397	0	0	3	0	0	0	0	3401	299.71	2.58	2.65	2.48	8.76	6.97	13.50	0.99	24.16	23.30
6/27/2023 10:34:01	5.00	0.53	0.00	0.00	0.00	0.00	0.00	0.00	5.52	100.00	0.40	20.43	2649	526	0	0	0	0	0	0	3175	291.06	-0.09	-1.63	9.34	7.10	3.79	9.93	1.00	24.19	23.27
6/27/2023 10:34:04	4.71	0.54	0.00	0.33	0.00	0.00	0.00	0.09	5.58	100.00	0.42	20.43	2497	538	0	10	0	0	0	0	3045	286.07	1.33	2.25	5.54	8.39	8.72	10.30	1.00	24.20	23.25
6/27/2023 10:34:07	3.28	2.22	0.00	0.00	0.00	0.00	0.00	0.38	5.50	100.00	0.42	20.43	1739	2219	0	0	0	0	0	0	3958	281.44	-6.23	0.22	5.00	11.00	18.13	8.92	1.00	24.21	23.30
6/27/2023 10:34:10	0.51	2.38	0.00	0.00	0.00	0.00	0.00	0.66	2.90	100.00	0.39	20.44	273	2382	0	0	0	0	0	0	2655	260.23	1.41	7.36	11.09	9.93	5.89	4.65	0.99	24.23	23.30
6/27/2023 10:34:13	4.97	0.00	1.72	0.25	0.00	0.00	0.00	0.00	6.93	100.00	0.40	20.42	2633	0	772	8	0	0	0	0	3412	270.10	4.31	3.97	6.54	9.56	6.23	15.12	1.00	24.24	23.35
6/27/2023 10:34:16	0.00	0.00	0.00	2.57	0.00	0.00	0.00	0.52	2.57	100.00	0.43	20.43	0	0	0	77	0	0	0	0	77	306.74	6.97	6.59	3.89	10.61	9.39	7.26	1.00	24.25	23.32
6/27/2023 10:34:19	0.00	0.00	3.28	0.00	0.00	0.00	0.00	0.27	3.28	100.00	0.48	20.41	0	0	1476	0	0	0	0	0	1476	305.59	6.43	2.45	4.01	8.82	4.17	9.24	1.00	24.27	23.33
6/27/2023 10:34:22	0.00	0.00	3.40	1.30	0.00	0.00	0.00	0.30	4.69	100.00	1.20	20.40	0	0	1528	39	0	0	0	0	1567	307.71	8.81	4.12	3.02	11.20	9.15	13.37	1.07	24.26	23.32
6/27/2023 10:34:25	0.00	0.05	0.00	2.40	0.00	0.00	0.00	0.75	2.45	100.00	2.11	20.38	0	53	0	72	0	0	0	0	125	309.03	5.90	5.43	5.57	12.98	9.27	8.93	1.16	24.28	23.33
6/27/2023 10:34:28	0.00	0.70	1.31	0.98	0.00	0.00	0.00	0.83	2.99	100.00	2.85	20.36	0	701	591	29	0	0	0	0	1321	309.19	6.52	0.37	6.06	14.09	9.27	9.86	1.23	24.28	23.33
6/27/2023 10:34:31	0.06	0.00	4.25	0.00	0.00	0.00	0.00	0.67	4.31	100.00	3.36	20.37	29	0	1913	0	0	0	0	0	1942	308.23	7.44	2.12	4.54	15.33	5.37	15.30	1.28	24.28	23.35
6/27/2023 10:34:34	2.97	0.89	2.43	0.00	0.00	0.00	0.00	0.44	6.29	100.00	4.28	20.37	1575	893	1092	0	0	0	0	0	3561	306.58	5.95	0.37	8.19	14.11	8.23	14.51	1.38	24.30	23.30
6/27/2023 10:34:37	0.00	0.00	4.30	0.59	0.00	0.00	0.00	0.54	4.89	100.00	4.95	20.36	0	0	1933	18	0	0	0	0	1951	307.10	9.10	-0.30	4.83	14.73	9.08	15.21	1.44	24.29	23.33
6/27/2023 10:34:40	0.00	0.00	4.73	0.00	0.00	0.00	0.00	0.70	4.73	100.00	5.53	20.34	0	0	2128	0	0	0	0	0	2128	306.87	8.48	1.07	5.27	16.60	6.94	16.06	1.50	24.34	23.40
6/27/2023 10:34:43	0.00	0.25	4.61	0.00	0.00	0.00	0.00	0.69	4.86	100.00	6.26	20.31	0	251	2074	0	0	0	0	0	2325	307.21	8.67	1.33	6.33	16.45	6.79	15.52	1.57	24.31	23.36
6/27/2023 10:34:46	0.00	0.03	4.09	0.24	0.00	0.00	0.00	0.74	4.36	100.00	6.89	20.31	0	25	1842	7	0	0	0	0	1875	309.35	8.29	1.35	5.18	16.39	7.29	15.06	1.63	24.34	23.40
6/27/2023 10:34:49	0.46	0.00	3.65	0.36	0.00	0.00	0.00	0.77	4.47	100.00	7.64	20.30	246	0	1640	11	0	0	0	0	1897	309.97	7.77	0.53	4.79	16.69	8.17	15.49	1.70	24.34	23.38
6/27/2023 10:34:52	0.81	0.39	3.98	0.00	0.00	0.00	0.00	0.57	5.19	100.00	8.36	20.28	432	394	1790	0	0	0	0	0	2616	309.99	7.45	0.85	6.04	15.02	7.98	15.04	1.78	24.34	23.36
6/27/2023 10:34:55	0.24	0.00	3.38	0.51	0.00	0.00	0.00	0.66	4.14	100.00	9.10	20.24	129	0	1522	15	0	0	0	0	1667	309.48	7.27	1.85	4.72	14.82	7.62	14.14	1.85	24.35	23.40
6/27/2023 10:34:58	0.00	0.20	2.13	0.37	0.00	0.00	0.00	0.78	2.70	100.00	9.97	19.45	0	200	959	11	0	0	0	0	1170	309.57	5.47	1.42	4.69	13.64	6.69	10.61	1.93	24.36	23.35
6/27/2023 10:35:01	0.00	0.03	0.98	0.64	0.00	0.00	0.00	0.80	1.65	100.00	10.89	16.84	0	25	443	19	0	0	0	0	487	310.75	4.37	1.05	3.85	12.12	6.29	8.23	2.02	24.35	23.36
6/27/2023 10:35:04	0.00	0.14	1.01	0.46	0.00	0.00	0.00	0.82	1.61	100.00	11.57	13.81	0	138	454	14	0	0	0	0	606	310.98	4.29	0.97	3.97	12.22	6.09	7.93	2.09	24.35	23.38
6/27/2023 10:35:07	0.00	0.10	1.18	0.44	0.00	0.00	0.00	0.81	1.73	100.00	12.27	12.99	0	102	533	13	0	0	0	0	648	311.93	4.42	0.96	3.93	12.38	6.10	8.33	2.16	24.34	23.43
6/27/2023 10:35:10	0.00	0.00	1.28	0.64	0.00	0.00	0.00	0.80	1.92	100.00	13.23	12.28	0	0	575	19	0	0	0	0	595	311.46	5.01	1.06	3.92	12.69	6.40	8.92	2.25	24.33	23.40
6/27/2023 10:35:13	0.00	0.00	1.89	0.66	0.00	0.00	0.00	0.79	2.54	100.00	14.11	10.98	0	0	849	20	0	0	0	0	868	311.11	5.74	1.35	4.22	13.70	6.89	10.65	2.34	24.29	23.38
6/27/2023 10:35:16	0.00	0.00	2.50	0.61	0.00	0.00	0.00	0.80	3.11	100.00	15.06	10.38	0	0	1125	18	0	0	0	0	1144	311.02	6.66	1.37	4.64	14.88	7.11	12.15	2.43	24.24	23.40
6/27/2023 10:35:19	0.00	0.00	3.03	0.55	0.00	0.00	0.00	0.80	3.58	100.00	15.97	10.18	0	0	1363	17	0	0	0	0	1379	311.13	7.43	1.38	4.76	15.72	7.39	13.38	2.52	24.23	23.40
6/27/2023 10:35:22	0.00	0.00	2.95	0.60	0.00	0.00	0.00	0.82	3.56	100.00	16.90	10.04	0	0	1328	18	0	0	0	0	1346	310.54	7.46	1.43	4.82	15.94	7.46	13.42	2.61	24.20	23.43
6/27/2023 10:35:25	0.00	0.00	3.58	0.47	0.00	0.00	0.00	0.79	4.06	100.00	17.79	9.72	0	0	1612	14	0	0	0	0	1626	310.56	7.96	1.38	5.07	16.44	7.59	14.64	2.70	24.18	23.41
6/27/2023 10:35:28	0.00	0.00	4.31	0.51	0.00	0.00	0.00	0.84	4.83	100.00	18.57	9.26	0	0	1941	15	0	0	0	0	1957	310.74	9.17	1.70	5.46	18.41	8.25	17.01	2.78	24.14	23.41
6/27/2023 10:35:31	0.00	0.08	4.90	0.35	0.00	0.00	0.00	0.95	5.34	100.00	19.40	8.96	0	85	2206	11	0	0	0	0	2301	310.61	10.06	1.70	6.03	20.62	8.48	18.77	2.86	24.09	23.44
6/27/2023 10:35:34	0.00	0.04	3.60	0.48	0.00	0.00	0.00	1.01	4.12	100.00	20.14	8.80	0	40	1621	14	0	0	0	0	1676	311.01	8.52	1.57	5.35	19.20	7.82	15.96	2.93	24.06	23.38
6/27/2023 10:35:37	0.00	0.19	2.72	0.43	0.00	0.00	0.00	1.06	3.33	100.00	20.96	8.45	0	186	1225	13	0	0	0	0	1424	310.84	7.45	1.28	5.17	18.33	7.47	13.75	3.01	24.04	23.40
6/27/2023 10:35:39	0.00	0.14	0.91	0.67	0.00	0.00	0.00	1.25	1.71	100.00	21.80	8.05	0	139	408	20	0	0	0	0	567	311.08	5.82	1.14	4.42	17.82	6.78	10.51	3.09	23.98	23.38
6/27/2023 10:35:43	0.00	0.27	0.00	0.51	0.00	0.00	0.00	1.30	0.79	100.00	22.74	7.84	0	273	0	15	0	0	0	0	288	311.13	4.51	0.93	3.93	16.79	6.28	7.83	3.18	23.93	23.38
6/27/2023 10:35:46	0.00	0.50	0.00	0.16	0.00	0.00	0.00	1.30	0.66	100.00	23.70	7.61	0	499	0	5	0	0	0	0	504	311.83	3.91	0.84	3.80	16.41	6.22	6.76	3.28	23.89	23.40
6/27/2023 10:35:49	0.00	0.57	0.00	0.00	0.00	0.00	0.00	1.31	0.57	100.00	24.53	7.38	0	574	0	0	0	0	0	0	574	311.32	3.68	0.84	3.82	16.40	5.96	6.26	3.36	23.83	23.36
6/27/2023 10:35:51	0.00	0.57	0.00	0.00	0.00	0.00	0.00	1.35	0.57	100.00	24.94	7.32	0	572	0	0	0	0	0	0	572	311.11	3.74	0.87	3.81	16.96	5.99	6.32	3.40	23.78	23.40
6/27/2023 10:35:54	0.00	0.56	0.00	0.00	0.00	0.00	0.00	1.28	0.56	100.00	25.66	7.20	0	564	0	0	0	0	0	0	564	310.91	3.53	0.79	3.77	15.92	5.93	6.10	3.47	23.75	23.36
6/27/2023 10:35:58	0.00	0.50	0.00	0.03	0.00	0.00	0.00	1.16	0.53	100.00	26.41	6.93	0	497	0	1	0	0	0	0	498	311.22	3.34	0.68	3.55	14.44	5.80	5.62	3.54	23.67	23.36
6/27/2023 10:36:01	0.00	0.50	0.00	0.00	0.00	0.00	0.00	1.15	0.50	100.00	27.30	6.76	0	503	0	0	0	0	0	0	503	311.69	3.20	0.75	3.53	14.23	5.71	5.46	3.63	23.62	23.40
6/27/2023 10:36:03	0.00	0.50	0.00	0.00	0.00	0.00	0.00	1.15	0.50	100.00	28.59	6.52	0	505	0	0	0	0	0	0	505	311.83	3.09	0.73	3.56	14.24	5.70	5.46	3.76	23.57	23.35
6/27/2023 10:36:06	0.00	0.52	0.00	0.00	0.00	0.00	0.00	1.13	0.52	100.00	29.57	6.39	0	521	0	0	0	0	0	0	521	311.40	3.02	0.77	3.59	13.95	5.73	5.41	3.85	23.50	23.33
6/27/2023 10:36:09	0.00	0.50	0.00	0.02	0.00	0.00	0.00	1.02	0.53	100.00	30.67	6.24	0	501	0	1	0	0	0	0	502	311.55	2.83	0.68	3.55	12.63	5.64	4.97	3.96	23.44	23.33
6/27/2023 10:36:13	0.00	0.47	0.00	0.00	0.00	0.00	0.00	0.93	0.47	100.00	31.89	5.98	0	471	0	0	0	0	0	0	471	311.45	2.46	0.55	3.42	11.49	5.45	4.38	4.08	23.36	23.30
6/27/2023 10:36:15	0.00	0.44	0.00	0.00	0.00	0.00	0.00	0.89	0.44	100.00	33.06	5.76	0	443	0	0	0	0	0	0	443	310.93	2.23	0.48	3.43	10.83	5.25	4.22	4.20	23.29	23.27
6/27/2023 10:36:18	0.00	0.41	0.00	0.03	0.00	0.00	0.00	0.86	0.44	100.00	33.93	5.65	0	413	0	1	0	0	0	0	414	310.38	2.23	0.53	3.30	10.44	5.30	4.20	4.28	23.21	23.24
6/27/2023 10:36:21	0.00	0.45	0.00	0.00	0.00	0.00	0.00	0.84	0.45	100.00	34.72	5.56	0	446	0	0	0	0	0	0	446	310.18	2.11	0.45	3.36	10.23	5.29	3.98	4.36	23.13	23.24
6/27/2023 10:36:24	0.00	0.46	0.00	0.02	0.00	0.00	0.00	0.84	0.48	100.00	35.52	5.49	0	461	0	0	0	0	0	0	461	310.17	2.09	0.57	3.38	10.21	5.41	4.12	4.44	23.07	23.24
6/27/2023 10:36:27	0.00	0.41	0.00	0.03	0.00	0.00	0.00	0.83	0.45	100.00	36.41	5.46	0	414	0	1	0	0	0	0	415	310.11	2.14	0.54	3.24	10.11	5.36	4.04	4.52	22.97	23.24
6/27/2023 10:36:30	0.00	0.43	0.00	0.00	0.00	0.00	0.00	0.81	0.43	100.00	37.37	5.41	0	432	0	0	0	0	0	0	432	309.46	2.07	0.48	3.29	9.79	5.24	3.85	4.62	22.89	23.14
6/27/2023 10:36:33	0.00	0.45	0.00	0.00	0.00	0.00	0.00	0.79	0.45	100.00	38.47	5.25	0	450	0	0	0	0	0	0	450	309.38	2.07	0.51	3.39	9.60	5.19	3.73	4.73	22.80	23.14
6/27/2023 10:36:36	0.00	0.43	0.00	0.00	0.00	0.00	0.00	0.77	0.43	100.00	39.49	5.18	0	427	0	0	0	0	0	0	427	309.53	1.93	0.46	3.24	9.37	5.24	3.70	4.83	22.73	23.09
6/27/2023 10:36:39	0.00	0.42	0.00	0.00	0.00	0.00	0.00	0.76	0.42	100.00	40.42	5.08	0	417	0	0	0	0	0	0	417	309.17	1.86	0.41	3.25	9.21	5.16	3.49	4.92	22.66	23.06
6/27/2023 10:36:42	0.00	0.41	0.00	0.00	0.00	0.00	0.00	0.74	0.41	100.00	41.24	4.96	0	412	0	0	0	0	0	0	412	309.34	1.70	0.51	3.23	9.02	5.14	3.43	5.00	22.54	23.06
6/27/2023 10:36:45	0.00	0.43	0.00	0.00	0.00	0.00	0.00	0.75	0.43	100.00	41.86	4.98	0	433	0	0	0	0	0	0	433	309.87	1.73	0.53	3.27	9.13	5.21	3.49	5.06	22.45	23.03
6/27/2023 10:36:48	0.00	0.44	0.00	0.00	0.00	0.00	0.00	0.75	0.44	100.00	42.68	4.93	0	437	0	0	0	0	0	0	437	309.79	1.79	0.57	3.25	9.11	5.25	3.49	5.14	22.38	23.03
6/27/2023 10:36:51	0.00	0.44	0.00	0.00	0.00	0.00	0.00	0.74	0.44	100.00	43.38	4.87	0	435	0	0	0	0	0	0	435	309.95	1.77	0.57	3.26	9.07	5.20	3.29	5.21	22.28	22.95
6/27/2023 10:36:54	0.00	0.46	0.00	0.00	0.00	0.00	0.00	0.75	0.46	100.00	43.75	4.87	0	459	0	0	0	0	0	0	459	309.23	1.77	0.58	3.32	9.06	5.27	3.50	5.24	22.19	22.93
6/27/2023 10:36:57	0.00	0.46	0.00	0.00	0.00	0.00	0.00	0.74	0.46	100.00	44.43	4.91	0	462	0	0	0	0	0	0	462	308.68	1.81	0.58	3.38	9.02	5.20	3.44	5.31	22.09	22.86
6/27/2023 10:37:00	0.00	0.50	0.00	0.00	0.00	0.00	0.00	0.73	0.50	100.00	45.11	4.84	0	497	0	0	0	0	0	0	497	308.04	1.72	0.61	3.46	8.92	5.29	3.35	5.38	22.00	22.85
6/27/2023 10:37:03	0.00	0.52	0.00	0.00	0.00	0.00	0.00	0.72	0.52	100.00	45.75	4.83	0	515	0	0	0	0	0	0	515	306.74	1.67	0.67	3.42	8.77	5.43	3.35	5.44	21.92	22.78
6/27/2023 10:37:06	0.00	0.50	0.00	0.00	0.00	0.00	0.00	0.73	0.50	100.00	46.06	4.83	0	504	0	0	0	0	0	0	504	306.88	1.74	0.68	3.36	8.82	5.44	3.40	5.47	21.81	22.74
6/27/2023 10:37:09	0.00	0.51	0.00	0.00	0.00	0.00	0.00	0.74	0.51	100.00	46.72	4.84	0	506	0	0	0	0	0	0	506	305.96	1.68	0.66	3.39	9.01	5.46	3.49	5.53	21.74	22.72
6/27/2023 10:37:12	0.00	0.55	0.00	0.00	0.00	0.00	0.00	0.74	0.55	100.00	47.23	4.82	0	550	0	0	0	0	0	0	550	304.43	1.73	0.66	3.52	9.00	5.52	3.47	5.58	21.61	22.69
6/27/2023 10:37:15	0.00	0.51	0.00	0.00	0.00	0.00	0.00	0.74	0.51	100.00	47.52	4.83	0	514	0	0	0	0	0	0	514	304.76	1.68	0.63	3.47	9.10	5.40	3.43	5.61	21.53	22.66
6/27/2023 10:37:18	0.00	0.55	0.00	0.00	0.00	0.00	0.00	0.74	0.55	100.00	47.51	4.80	0	553	0	0	0	0	0	0	553	304.50	1.75	0.67	3.53	9.09	5.52	3.38	5.61	21.45	22.62
6/27/2023 10:37:21	0.00	0.56	0.00	0.00	0.00	0.00	0.00	0.75	0.56	100.00	47.54	4.82	0	558	0	0	0	0	0	0	558	304.70	1.71	0.69	3.50	9.13	5.62	3.54	5.61	21.35	22.57
6/27/2023 10:37:24	0.00	0.52	0.00	0.00	0.00	0.00	0.00	0.74	0.52	100.00	47.50	4.85	0	522	0	0	0	0	0	0	522	304.16	1.68	0.72	3.44	9.00	5.46	3.47	5.61	21.26	22.49
6/27/2023 10:37:27	0.00	0.55	0.00	0.00	0.00	0.00	0.00	0.73	0.55	100.00	47.47	4.87	0	548	0	0	0	0	0	0	548	304.58	1.67	0.61	3.48	8.97	5.58	3.41	5.61	21.15	22.45
6/27/2023 10:37:30	0.00	0.57	0.00	0.00	0.00	0.00	0.00	0.73	0.57	100.00	47.47	4.96	0	568	0	0	0	0	0	0	568	304.73	1.64	0.65	3.60	9.04	5.53	3.39	5.61	21.04	22.38
6/27/2023 10:37:33	0.00	0.53	0.00	0.00	0.00	0.00	0.00	0.73	0.53	100.00	47.50	4.90	0	533	0	0	0	0	0	0	533	304.60	1.67	0.63	3.44	9.01	5.52	3.32	5.61	20.95	22.37
6/27/2023 10:37:36	0.00	0.55	0.00	0.00	0.00	0.00	0.00	0.74	0.55	100.00	47.52	4.83	0	553	0	0	0	0	0	0	553	304.27	1.69	0.61	3.52	9.13	5.57	3.45	5.61	20.87	22.28
6/27/2023 10:37:39	0.00	0.57	0.00	0.00	0.00	0.00	0.00	0.75	0.57	100.00	47.47	4.87	0	568	0	0	0	0	0	0	568	304.68	1.72	0.63	3.59	9.20	5.57	3.51	5.61	20.78	22.30
6/27/2023 10:37:42	0.00	0.56	0.00	0.00	0.00	0.00	0.00	0.74	0.56	100.00	47.49	4.93	0	560	0	0	0	0	0	0	560	304.72	1.71	0.56	3.57	9.10	5.55	3.38	5.61	20.68	22.22
6/27/2023 10:37:45	0.00	0.56	0.00	0.00	0.00	0.00	0.00	0.74	0.56	100.00	47.51	4.94	0	560	0	0	0	0	0	0	560	304.32	1.74	0.62	3.52	9.07	5.59	3.38	5.61	20.58	22.20
6/27/2023 10:37:48	0.00	0.58	0.00	0.00	0.00	0.00	0.00	0.75	0.58	100.00	47.52	4.92	0	577	0	0	0	0	0	0	577	304.23	1.72	0.55	3.58	9.24	5.65	3.53	5.61	20.51	22.14
6/27/2023 10:37:51	0.00	0.56	0.00	0.00	0.00	0.00	0.00	0.74	0.56	100.00	47.54	4.92	0	557	0	0	0	0	0	0	557	304.08	1.68	0.51	3.59	9.21	5.52	3.34	5.62	20.42	22.11
6/27/2023 10:37:54	0.00	0.55	0.00	0.00	0.00	0.00	0.00	0.74	0.55	100.00	47.53	4.95	0	554	0	0	0	0	0	0	554	303.50	1.73	0.55	3.54	9.04	5.54	3.38	5.61	20.32	22.04
6/27/2023 10:37:57	0.00	0.55	0.00	0.00	0.00	0.00	0.00	0.74	0.55	100.00	47.49	4.96	0	554	0	0	0	0	0	0	554	303.10	1.74	0.49	3.50	9.11	5.62	3.49	5.61	20.21	21.95
6/27/2023 10:38:00	0.00	0.57	0.00	0.00	0.00	0.00	0.00	0.74	0.57	100.00	47.57	4.93	0	575	0	0	0	0	0	0	575	302.89	1.74	0.52	3.60	9.14	5.60	3.37	5.62	20.12	21.96
6/27/2023 10:38:03	0.00	0.55	0.00	0.00	0.00	0.00	0.00	0.74	0.55	100.00	47.60	4.88	0	547	0	0	0	0	0	0	547	303.38	1.72	0.46	3.55	9.02	5.51	3.42	5.62	20.06	21.88
6/27/2023 10:38:06	0.00	0.58	0.00	0.00	0.00	0.00	0.00	0.74	0.58	100.00	47.59	4.86	0	582	0	0	0	0	0	0	582	303.08	1.71	0.44	3.63	9.13	5.62	3.35	5.62	19.96	21.82
6/27/2023 10:38:08	0.00	0.57	0.00	0.00	0.00	0.00	0.00	0.75	0.57	100.00	47.57	4.86	0	571	0	0	0	0	0	0	571	303.11	1.69	0.52	3.59	9.23	5.62	3.47	5.62	19.90	21.85
6/27/2023 10:38:12	0.00	0.58	0.00	0.00	0.00	0.00	0.00	0.75	0.58	100.00	47.57	4.84	0	581	0	0	0	0	0	0	581	303.10	1.65	0.47	3.64	9.18	5.62	3.44	5.62	19.80	21.74
6/27/2023 10:38:15	0.00	0.58	0.00	0.00	0.00	0.00	0.00	0.74	0.58	100.00	47.56	4.86	0	581	0	0	0	0	0	0	581	303.24	1.68	0.51	3.57	9.20	5.67	3.31	5.62	19.70	21.70
6/27/2023 10:38:18	0.00	0.57	0.00	0.00	0.00	0.00	0.00	0.73	0.57	100.00	47.53	4.88	0	575	0	0	0	0	0	0	575	303.34	1.65	0.50	3.59	9.07	5.61	3.31	5.61	19.64	21.67
6/27/2023 10:38:20	0.00	0.60	0.00	0.00	0.00	0.00	0.00	0.75	0.60	100.00	47.54	4.86	0	601	0	0	0	0	0	0	601	303.50	1.73	0.47	3.69	9.23	5.66	3.39	5.61	19.54	21.59
6/27/2023 10:38:23	0.00	0.59	0.00	0.00	0.00	0.00	0.00	0.74	0.59	100.00	47.52	4.87	0	593	0	0	0	0	0	0	593	303.28	1.72	0.55	3.64	9.07	5.63	3.37	5.61	19.47	21.53
6/27/2023 10:38:27	0.00	0.59	0.00	0.00	0.00	0.00	0.00	0.75	0.59	100.00	47.54	4.87	0	592	0	0	0	0	0	0	592	302.92	1.63	0.52	3.67	9.25	5.64	3.45	5.62	19.39	21.48
6/27/2023 10:38:29	0.00	0.58	0.00	0.00	0.00	0.00	0.00	0.75	0.58	100.00	47.49	4.88	0	583	0	0	0	0	0	0	583	303.57	1.62	0.47	3.70	9.32	5.57	3.42	5.61	19.29	21.45
6/27/2023 10:38:32	0.00	0.57	0.00	0.00	0.00	0.00	0.00	0.74	0.57	100.00	47.50	4.90	0	568	0	0	0	0	0	0	568	302.90	1.58	0.46	3.58	9.16	5.62	3.33	5.61	19.20	21.37
6/27/2023 10:38:35	0.00	0.61	0.00	0.00	0.00	0.00	0.00	0.75	0.61	100.00	46.51	4.83	0	607	0	0	0	0	0	0	607	302.98	1.65	0.54	3.68	9.28	5.71	3.43	5.51	19.13	21.30
6/27/2023 10:38:38	0.00	0.59	0.00	0.00	0.00	0.00	0.00	0.75	0.59	100.00	44.92	4.80	0	588	0	0	0	0	0	0	588	303.72	1.72	0.58	3.61	9.30	5.67	3.42	5.36	19.08	21.30
6/27/2023 10:38:41	0.00	0.58	0.00	0.00	0.00	0.00	0.00	0.75	0.58	100.00	43.10	4.82	0	577	0	0	0	0	0	0	577	305.32	1.70	0.49	3.53	9.20	5.72	3.48	5.18	18.98	21.27
6/27/2023 10:38:44	0.00	0.53	0.00	0.00	0.00	0.00	0.00	0.77	0.53	100.00	41.38	4.87	0	533	0	0	0	0	0	0	533	306.32	1.76	0.48	3.46	9.46	5.57	3.49	5.01	18.89	21.22
6/27/2023 10:38:47	0.00	0.55	0.00	0.00	0.00	0.00	0.00	0.77	0.55	100.00	39.74	4.94	0	546	0	0	0	0	0	0	546	307.50	1.83	0.54	3.46	9.43	5.63	3.48	4.85	18.82	21.11
6/27/2023 10:38:50	0.00	0.57	0.00	0.00	0.00	0.00	0.00	0.79	0.57	100.00	38.03	5.05	0	575	0	0	0	0	0	0	575	307.69	1.83	0.55	3.59	9.78	5.68	3.60	4.68	18.75	21.11
6/27/2023 10:38:53	0.00	0.61	0.00	0.00	0.00	0.00	0.00	0.80	0.61	100.00	36.33	5.22	0	607	0	0	0	0	0	0	607	307.80	1.98	0.60	3.68	9.89	5.72	3.66	4.52	18.69	21.03
6/27/2023 10:38:56	0.00	0.61	0.00	0.00	0.00	0.00	0.00	0.85	0.61	100.00	34.47	5.36	0	615	0	0	0	0	0	0	615	308.02	2.08	0.63	3.66	10.61	5.87	3.92	4.33	18.61	20.98
6/27/2023 10:38:59	0.00	0.62	0.00	0.00	0.00	0.00	0.00	0.87	0.62	100.00	32.77	5.48	0	618	0	0	0	0	0	0	618	308.04	2.16	0.65	3.65	10.71	5.91	4.05	4.17	18.52	20.96
6/27/2023 10:39:02	0.00	0.63	0.00	0.00	0.00	0.00	0.00	0.90	0.63	100.00	31.02	5.65	0	630	0	0	0	0	0	0	630	308.18	2.30	0.66	3.69	11.24	5.95	4.08	4.00	18.45	20.88
6/27/2023 10:39:05	0.00	0.68	0.00	0.00	0.00	0.00	0.00	0.98	0.68	100.00	29.25	5.92	0	682	0	0	0	0	0	0	682	308.77	2.58	0.71	3.86	12.34	6.13	4.45	3.82	18.40	20.83
6/27/2023 10:39:08	0.00	0.73	0.00	0.00	0.00	0.00	0.00	1.10	0.73	100.00	27.56	6.18	0	730	0	0	0	0	0	0	730	308.84	2.94	0.78	3.94	13.86	6.44	5.11	3.66	18.32	20.80
6/27/2023 10:39:11	0.00	0.78	0.00	0.00	0.00	0.00	0.00	1.16	0.78	100.00	25.62	6.43	0	782	0	0	0	0	0	0	782	308.34	3.12	0.89	4.10	14.68	6.60	5.37	3.47	18.25	20.74
6/27/2023 10:39:14	0.00	0.79	0.00	0.00	0.00	0.00	0.00	1.29	0.79	100.00	23.84	6.77	0	786	0	0	0	0	0	0	786	307.74	3.54	0.92	4.13	16.31	6.72	5.93	3.29	18.19	20.64
6/27/2023 10:39:17	0.00	0.80	0.00	0.00	0.00	0.00	0.00	1.36	0.80	100.00	22.08	7.13	0	804	0	0	0	0	0	0	804	307.52	3.79	0.90	4.19	17.12	6.85	6.41	3.12	18.14	20.64
6/27/2023 10:39:20	0.00	0.55	0.00	0.62	0.00	0.00	0.00	1.35	1.18	100.00	20.31	7.54	0	552	0	19	0	0	0	0	570	308.07	4.89	1.15	4.68	17.69	7.39	8.29	2.95	18.08	20.61
6/27/2023 10:39:23	0.00	0.23	1.59	1.01	0.00	0.00	0.00	1.22	2.83	100.00	18.57	8.05	0	233	714	30	0	0	0	0	977	307.90	7.39	1.43	5.44	19.27	8.38	13.04	2.78	18.03	20.56
6/27/2023 10:39:26	0.00	0.09	3.32	1.03	0.00	0.00	0.00	1.00	4.44	100.00	16.62	8.94	0	89	1494	31	0	0	0	0	1613	307.39	9.25	1.77	5.99	19.56	9.12	16.46	2.58	17.96	20.51
6/27/2023 10:39:29	0.00	0.14	2.59	0.99	0.00	0.00	0.00	0.91	3.73	100.00	14.90	9.55	0	143	1167	30	0	0	0	0	1340	307.51	7.76	1.62	5.58	17.08	8.65	14.03	2.42	17.91	20.45
6/27/2023 10:39:32	0.00	0.24	2.25	0.89	0.00	0.00	0.00	0.89	3.38	100.00	13.09	10.04	0	239	1012	27	0	0	0	0	1278	306.63	7.02	1.60	5.52	16.03	8.31	12.73	2.24	17.88	20.40
6/27/2023 10:39:35	0.00	0.15	1.11	1.07	0.00	0.00	0.00	0.90	2.32	100.00	11.35	11.43	0	146	498	32	0	0	0	0	676	306.71	5.75	1.42	4.84	14.41	7.76	10.17	2.07	17.83	20.35
6/27/2023 10:39:38	0.00	0.01	0.65	1.12	0.00	0.00	0.00	0.86	1.78	100.00	9.54	14.57	0	10	294	34	0	0	0	0	337	306.97	5.42	0.76	4.19	13.09	7.33	8.59	1.89	17.79	20.34
6/27/2023 10:39:41	0.99	0.28	1.79	0.50	0.00	0.00	0.00	0.80	3.56	100.00	7.63	18.43	523	280	805	15	0	0	0	0	1624	306.19	5.60	1.16	5.25	15.00	7.75	12.19	1.70	17.76	20.30
6/27/2023 10:39:44	0.67	0.40	3.39	0.00	0.00	0.00	0.00	0.76	4.46	100.00	5.86	19.42	354	404	1526	0	0	0	0	0	2284	305.96	6.83	1.72	5.87	16.13	7.36	14.33	1.53	17.75	20.25
6/27/2023 10:39:47	0.44	0.00	2.13	1.39	0.00	0.00	0.00	0.83	3.95	100.00	4.09	19.63	233	0	958	42	0	0	0	0	1233	307.36	7.62	1.74	5.41	16.35	9.27	14.21	1.36	17.75	20.13
6/27/2023 10:39:50	0.00	0.23	0.00	1.86	0.00	0.00	0.00	1.67	2.09	100.00	2.32	19.75	0	231	0	56	0	0	0	0	286	300.60	9.37	-2.25	4.38	23.66	11.87	12.20	1.18	17.74	20.14
6/27/2023 10:39:53	2.02	0.00	0.00	0.00	0.00	0.00	0.00	1.21	2.02	100.00	0.66	19.95	1070	0	0	0	0	0	0	0	1070	260.92	1.64	0.81	5.52	17.75	3.02	10.93	1.02	17.75	20.08
6/27/2023 10:39:56	0.02	0.00	0.00	1.88	0.00	0.00	0.00	0.38	1.89	100.00	0.42	20.13	9	0	0	56	0	0	0	0	65	300.15	4.51	-0.25	1.68	6.77	10.21	6.80	1.00	17.73	20.06
6/27/2023 10:39:59	2.37	0.00	0.00	0.00	0.00	0.00	0.00	1.37	2.37	100.00	0.42	20.10	1258	0	0	0	0	0	0	0	1258	293.26	3.87	5.90	0.55	19.42	3.23	14.06	1.00	17.74	20.01
6/27/2023 10:40:02	0.00	0.00	0.65	2.70	0.00	0.00	0.00	1.11	3.35	100.00	0.42	20.10	0	0	294	81	0	0	0	0	375	301.01	10.61	1.96	5.40	18.99	11.20	13.16	1.00	17.74	19.93
6/27/2023 10:40:05	0.00	1.15	0.00	1.79	0.00	0.00	0.00	1.02	2.95	100.00	0.42	20.11	0	1152	0	54	0	0	0	0	1205	306.66	8.06	1.91	7.95	16.05	10.63	8.52	1.00	17.76	20.00
6/27/2023 10:40:07	0.00	1.49	3.98	0.00	0.00	0.00	0.00	0.38	5.47	100.00	0.42	20.14	0	1491	1789	0	0	0	0	0	3281	302.80	8.34	1.14	8.99	12.18	8.95	11.70	1.00	17.76	19.88
6/27/2023 10:40:11	2.65	0.38	0.00	2.27	0.00	0.00	0.00	0.22	5.30	100.00	0.43	20.09	1404	380	0	68	0	0	0	0	1852	305.26	3.80	2.36	5.34	10.09	14.10	11.57	1.00	17.77	19.90
6/27/2023 10:40:14	0.00	1.17	4.63	0.00	0.00	0.00	0.00	0.71	5.80	100.00	0.43	20.02	0	1175	2083	0	0	0	0	0	3258	302.78	10.57	1.56	9.36	17.47	7.93	14.93	1.00	17.78	19.84
6/27/2023 10:40:16	0.00	0.00	1.97	1.42	0.00	0.00	0.00	0.56	3.40	100.00	0.43	20.01	0	4	887	43	0	0	0	0	934	310.96	7.81	0.81	5.21	12.25	8.60	10.72	1.00	17.78	19.74
6/27/2023 10:40:19	0.00	0.00	4.80	0.00	0.00	0.00	0.00	0.29	4.80	100.00	0.41	19.95	0	0	2161	0	0	0	0	0	2161	302.49	7.66	-0.57	2.15	10.92	3.25	15.86	1.00	17.81	19.77
6/27/2023 10:40:22	4.93	0.00	0.00	0.00	0.00	0.00	0.00	0.29	4.93	100.00	0.40	19.92	2612	0	0	0	0	0	0	0	2612	301.92	1.16	-4.49	1.59	9.77	3.85	13.28	1.00	17.82	19.75
6/27/2023 10:40:26	0.00	0.37	2.34	1.17	0.00	0.00	0.00	0.09	3.89	100.00	0.40	19.94	0	371	1055	35	0	0	0	0	1461	296.20	6.14	3.91	6.62	6.89	7.31	8.78	1.00	17.84	19.75
6/27/2023 10:40:28	0.00	0.00	0.00	0.97	0.00	0.00	0.00	1.41	0.97	100.00	0.39	20.03	0	0	0	29	0	0	0	0	29	298.40	6.08	0.08	-0.51	18.44	9.36	9.68	0.99	17.86	19.72
6/27/2023 10:40:31	1.14	0.07	0.00	1.37	0.00	0.00	0.00	0.25	2.57	100.00	0.41	19.98	602	68	0	41	0	0	0	0	711	279.70	2.46	-0.17	3.14	6.39	9.93	6.54	1.00	17.90	19.71
6/27/2023 10:40:34	2.06	0.00	3.32	0.60	0.00	0.00	0.00	0.47	5.98	100.00	0.42	20.03	1093	0	1493	18	0	0	0	0	2605	305.60	7.72	-0.95	3.70	14.95	10.65	16.93	1.00	17.92	19.66
6/27/2023 10:40:37	0.00	0.00	4.59	0.00	0.00	0.00	0.00	0.00	4.59	100.00	0.40	20.12	0	0	2063	0	0	0	0	0	2063	260.52	6.49	3.24	-2.60	5.71	5.05	14.75	1.00	17.95	19.64
6/27/2023 10:40:40	0.76	1.09	0.00	0.74	0.00	0.00	0.00	0.95	2.60	95.88	0.41	20.16	404	1094	0	22	0	0	0	0	1520	243.16	3.13	2.06	6.04	14.17	9.70	8.58	1.00	18.01	19.63
6/27/2023 10:40:43	0.00	0.95	0.00	0.00	0.00	0.00	0.00	1.02	0.95	100.00	0.41	20.21	0	954	0	0	0	0	0	0	954	308.10	3.85	-1.18	3.87	14.19	7.61	1.57	1.00	18.05	19.63
6/27/2023 10:40:46	0.00	1.44	2.94	0.00	0.00	0.00	0.00	0.29	4.39	100.00	0.41	20.22	0	1443	1324	0	0	0	0	0	2767	276.60	5.88	0.52	9.00	9.14	7.34	8.94	1.00	18.07	19.61
6/27/2023 10:40:49	0.00	0.46	3.56	0.00	0.00	0.00	0.00	0.53	4.02	100.00	0.39	20.26	0	457	1603	0	0	0	0	0	2060	308.19	6.57	1.68	6.00	12.67	6.59	11.98	0.99	18.12	19.63
6/27/2023 10:40:52	2.74	0.00	0.26	0.60	0.00	0.00	0.00	0.56	3.59	100.00	0.40	20.22	1452	0	115	18	0	0	0	0	1586	266.25	3.54	-0.35	4.06	11.73	7.68	10.42	1.00	18.15	19.59
6/27/2023 10:40:55	4.30	0.00	2.41	0.00	0.00	0.00	0.00	0.39	6.71	100.00	0.42	20.20	2278	0	1085	0	0	0	0	0	3363	297.77	5.90	-2.41	3.93	14.75	9.63	17.06	1.00	18.22	19.61
6/27/2023 10:40:58	1.86	0.00	0.00	0.30	0.00	0.00	0.00	0.53	2.16	100.00	0.46	20.22	984	0	0	9	0	0	0	0	993	306.19	2.25	-3.75	-1.58	8.53	9.70	8.02	1.00	18.26	19.56
6/27/2023 10:41:01	2.37	0.08	3.16	0.00	0.00	0.00	0.00	0.48	5.61	100.00	0.45	20.24	1257	82	1421	0	0	0	0	0	2760	293.90	6.59	-0.06	6.60	14.62	6.14	15.41	1.00	18.30	19.55
6/27/2023 10:41:04	0.00	0.00	0.00	3.21	0.00	0.00	0.00	0.88	3.21	100.00	0.45	20.27	0	0	0	96	0	0	0	0	96	298.13	8.48	0.19	5.22	15.65	13.78	11.78	1.00	18.36	19.58
6/27/2023 10:41:07	5.61	0.00	0.00	0.00	0.00	0.00	0.00	0.07	5.61	100.00	0.46	20.23	2973	0	0	0	0	0	0	0	2973	295.14	1.59	0.43	3.60	8.23	2.30	12.79	1.00	18.42	19.63
6/27/2023 10:41:10	4.07	0.00	0.00	0.00	0.00	0.00	0.00	0.77	4.07	100.00	0.46	20.18	2159	0	0	0	0	0	0	0	2159	291.91	1.50	2.26	5.14	15.17	2.98	12.95	1.00	18.47	19.59
6/27/2023 10:41:13	0.74	0.00	0.00	2.14	0.00	0.00	0.00	0.90	2.87	100.00	0.47	20.16	391	0	0	64	0	0	0	0	455	306.64	6.50	0.40	2.03	14.72	11.72	12.17	1.00	18.53	19.58
6/27/2023 10:41:16	0.00	0.00	0.00	0.20	0.00	0.00	0.00	1.64	0.20	100.00	0.46	20.16	0	0	0	6	0	0	0	0	6	300.86	5.33	3.18	0.51	20.39	5.19	8.68	1.00	18.58	19.56
6/27/2023 10:41:19	0.00	0.00	3.40	0.00	0.00	0.00	0.00	0.84	3.40	100.00	0.47	20.20	0	0	1530	0	0	0	0	0	1530	302.91	9.40	-4.82	-0.02	15.76	9.23	12.79	1.00	18.63	19.55
6/27/2023 10:41:22	2.50	0.00	0.00	0.86	0.00	0.00	0.00	0.69	3.37	100.00	0.47	20.24	1328	0	0	26	0	0	0	0	1353	307.40	3.29	3.94	2.22	12.88	7.63	11.37	1.00	18.67	19.53
6/27/2023 10:41:25	0.00	2.30	2.90	0.87	0.00	0.00	0.00	0.18	6.07	100.00	0.54	20.25	0	2303	1304	26	0	0	0	0	3633	301.30	9.75	-0.01	10.91	9.71	12.78	9.04	1.01	18.75	19.59
6/27/2023 10:41:28	0.00	0.00	3.79	1.24	0.00	0.00	0.00	0.16	5.02	100.00	0.53	20.24	0	0	1704	37	0	0	0	0	1741	298.82	10.42	3.96	6.99	10.66	6.75	11.93	1.01	18.78	19.56
6/27/2023 10:41:31	0.26	0.00	4.38	0.00	0.00	0.00	0.00	0.61	4.64	100.00	0.52	20.22	139	0	1970	0	0	0	0	0	2109	303.95	7.82	-0.16	4.93	15.18	6.78	15.37	1.01	18.84	19.59
6/27/2023 10:41:34	0.00	0.00	1.07	1.96	0.00	0.00	0.00	0.51	3.03	100.00	0.53	20.24	0	0	482	59	0	0	0	0	541	305.35	8.81	2.28	4.51	11.06	8.56	8.69	1.01	18.92	19.55
6/27/2023 10:41:37	2.38	0.00	0.00	2.36	0.00	0.00	0.00	0.64	4.73	100.00	0.65	20.27	1260	0	0	71	0	0	0	0	1331	301.93	5.46	4.92	3.82	14.66	11.94	14.25	1.02	18.98	19.61
6/27/2023 10:41:40	0.00	0.04	0.00	0.00	0.00	0.00	0.00	1.45	0.04	100.00	0.81	20.29	0	42	0	0	0	0	0	0	42	301.75	1.60	3.66	1.87	17.98	5.46	7.47	1.03	19.03	19.55
6/27/2023 10:41:43	0.00	1.63	0.00	0.28	0.00	0.00	0.00	1.03	1.92	100.00	1.28	20.30	0	1634	0	8	0	0	0	0	1643	306.28	2.00	3.71	4.38	14.43	11.72	4.61	1.08	19.09	19.56
6/27/2023 10:41:46	0.00	0.54	0.00	2.66	0.00	0.00	0.00	0.98	3.20	100.00	2.30	20.30	0	544	0	80	0	0	0	0	624	301.38	8.09	3.00	7.56	16.37	11.33	11.23	1.18	19.13	19.56
6/27/2023 10:41:49	0.00	0.00	0.00	2.13	0.00	0.00	0.00	0.96	2.13	100.00	3.20	20.30	0	0	0	64	0	0	0	0	64	302.52	6.94	1.49	3.73	14.75	9.80	10.22	1.27	19.19	19.59
6/27/2023 10:41:52	0.00	0.00	2.59	1.95	0.00	0.00	0.00	0.78	4.54	100.00	3.91	20.32	0	0	1166	58	0	0	0	0	1224	305.50	11.41	2.14	4.59	17.07	10.56	14.61	1.34	19.25	19.58
6/27/2023 10:41:55	0.00	1.00	4.18	0.04	0.00	0.00	0.00	0.62	5.22	100.00	4.73	20.29	0	1003	1881	1	0	0	0	0	2886	303.57	8.35	2.86	7.93	15.35	8.16	14.05	1.42	19.33	19.55
6/27/2023 10:41:58	2.34	0.00	0.95	1.16	0.00	0.00	0.00	0.89	4.46	100.00	5.35	20.26	1243	0	428	35	0	0	0	0	1706	305.63	6.11	2.80	5.71	17.52	8.32	14.77	1.48	19.37	19.55
6/27/2023 10:42:01	0.00	0.57	4.48	0.27	0.00	0.00	0.00	0.66	5.31	100.00	6.01	20.25	0	565	2014	8	0	0	0	0	2587	306.90	8.90	2.41	7.05	16.37	8.37	15.71	1.54	19.43	19.61
6/27/2023 10:42:04	0.96	0.00	3.76	0.62	0.00	0.00	0.00	0.82	5.34	100.00	6.67	20.28	511	0	1692	18	0	0	0	0	2222	307.67	8.68	1.60	5.36	18.68	8.90	17.75	1.61	19.48	19.59
6/27/2023 10:42:07	0.40	0.12	3.38	0.60	0.00	0.00	0.00	0.86	4.50	100.00	7.20	20.26	214	115	1523	18	0	0	0	0	1870	307.55	8.06	1.25	5.55	17.72	8.53	15.75	1.66	19.55	19.64
6/27/2023 10:42:10	0.48	0.00	3.02	0.66	0.00	0.00	0.00	0.74	4.16	100.00	7.95	20.22	253	0	1360	20	0	0	0	0	1633	306.02	7.33	1.59	5.03	15.79	7.98	14.44	1.73	19.60	19.66
6/27/2023 10:42:13	0.55	0.41	2.61	0.37	0.00	0.00	0.00	0.81	3.95	100.00	8.69	20.19	292	413	1174	11	0	0	0	0	1890	306.16	6.51	1.34	5.73	15.82	8.03	13.25	1.81	19.67	19.66
6/27/2023 10:42:16	0.21	0.02	1.69	0.94	0.00	0.00	0.00	0.87	2.86	100.00	9.47	19.84	111	16	762	28	0	0	0	0	916	308.82	6.07	1.41	4.71	15.07	7.75	11.79	1.88	19.72	19.67
6/27/2023 10:42:19	0.00	0.26	1.87	0.37	0.00	0.00	0.00	0.83	2.50	100.00	10.18	18.34	0	260	842	11	0	0	0	0	1112	309.16	5.34	1.10	4.65	13.82	6.82	10.17	1.95	19.80	19.67
6/27/2023 10:42:21	0.00	0.05	0.58	0.98	0.00	0.00	0.00	0.88	1.61	100.00	10.83	16.26	0	53	259	29	0	0	0	0	341	310.37	4.71	1.27	4.18	12.99	6.92	8.41	2.02	19.82	19.67
6/27/2023 10:42:25	0.00	0.19	0.71	0.77	0.00	0.00	0.00	0.92	1.67	100.00	11.42	14.53	0	188	319	23	0	0	0	0	530	310.01	4.59	1.33	4.39	13.45	6.79	8.52	2.07	19.86	19.71
6/27/2023 10:42:28	0.00	0.07	0.82	0.77	0.00	0.00	0.00	0.89	1.66	100.00	12.15	12.99	0	72	368	23	0	0	0	0	463	309.98	4.87	0.98	4.09	13.20	6.62	8.46	2.15	19.90	19.66
6/27/2023 10:42:31	0.00	0.18	0.81	0.82	0.00	0.00	0.00	0.93	1.81	100.00	12.93	11.81	0	183	362	25	0	0	0	0	569	310.43	4.96	1.14	4.45	13.81	7.05	8.88	2.22	19.92	19.71
6/27/2023 10:42:33	0.00	0.11	1.28	0.82	0.00	0.00	0.00	0.91	2.20	100.00	13.65	11.09	0	108	576	24	0	0	0	0	709	311.02	5.42	1.30	4.51	14.36	7.21	10.11	2.29	19.95	19.75
6/27/2023 10:42:36	0.00	0.06	1.23	1.06	0.00	0.00	0.00	0.92	2.35	100.00	14.34	10.77	0	61	552	32	0	0	0	0	645	310.95	5.96	1.39	4.69	14.86	7.65	10.59	2.36	19.98	19.75
6/27/2023 10:42:40	0.00	0.00	1.83	0.95	0.00	0.00	0.00	0.91	2.78	100.00	15.08	10.35	0	0	823	29	0	0	0	0	851	310.64	6.67	1.53	4.57	15.51	7.61	11.76	2.43	20.00	19.71
6/27/2023 10:42:42	0.00	0.09	2.38	0.85	0.00	0.00	0.00	0.91	3.31	100.00	15.64	10.18	0	90	1069	25	0	0	0	0	1185	310.48	7.25	1.54	5.18	16.43	7.92	13.02	2.49	20.01	19.77
6/27/2023 10:42:45	0.00	0.00	2.30	0.93	0.00	0.00	0.00	0.93	3.23	100.00	16.21	10.04	0	0	1034	28	0	0	0	0	1062	311.00	7.34	1.61	4.86	16.61	7.92	13.12	2.54	20.04	19.75
6/27/2023 10:42:48	0.00	0.03	2.57	0.87	0.00	0.00	0.00	0.95	3.48	100.00	16.94	10.01	0	34	1156	26	0	0	0	0	1215	310.64	7.57	1.56	5.18	17.22	8.06	13.84	2.62	20.05	19.75
6/27/2023 10:42:51	0.00	0.00	3.10	0.87	0.00	0.00	0.00	0.95	3.97	100.00	17.74	9.70	0	0	1394	26	0	0	0	0	1420	310.64	8.18	1.75	5.33	18.12	8.39	15.32	2.69	20.07	19.79
6/27/2023 10:42:54	0.00	0.05	4.10	0.76	0.00	0.00	0.00	0.99	4.91	100.00	18.57	9.22	0	55	1843	23	0	0	0	0	1920	310.67	9.61	1.83	5.98	20.33	8.95	17.93	2.78	20.09	19.80
6/27/2023 10:42:57	0.00	0.15	4.77	0.61	0.00	0.00	0.00	1.06	5.53	100.00	19.23	8.80	0	154	2148	18	0	0	0	0	2321	311.15	10.66	1.88	6.51	22.22	9.28	19.69	2.84	20.10	19.82
6/27/2023 10:43:00	0.00	0.13	3.29	0.72	0.00	0.00	0.00	1.11	4.14	100.00	19.92	8.56	0	132	1481	22	0	0	0	0	1635	311.46	8.90	1.58	5.75	20.41	8.53	16.29	2.91	20.10	19.84
6/27/2023 10:43:03	0.00	0.19	1.65	0.79	0.00	0.00	0.00	1.26	2.63	100.00	20.76	8.22	0	189	742	24	0	0	0	0	955	311.96	7.02	1.39	5.11	19.42	7.79	12.92	2.99	20.11	19.85
6/27/2023 10:43:06	0.00	0.21	0.26	0.98	0.00	0.00	0.00	1.36	1.45	100.00	21.50	7.93	0	213	116	29	0	0	0	0	359	311.89	5.75	1.17	4.65	18.61	7.42	10.21	3.06	20.10	19.84
6/27/2023 10:43:09	0.00	0.41	0.00	0.60	0.00	0.00	0.00	1.40	1.01	100.00	22.42	7.86	0	405	0	18	0	0	0	0	423	312.76	4.79	1.11	4.31	18.16	7.04	8.61	3.15	20.11	19.80
6/27/2023 10:43:12	0.00	0.60	0.00	0.16	0.00	0.00	0.00	1.37	0.76	100.00	23.12	7.74	0	599	0	5	0	0	0	0	604	312.97	4.09	1.01	4.00	17.29	6.58	7.03	3.22	20.10	19.82
6/27/2023 10:43:15	0.00	0.68	0.00	0.00	0.00	0.00	0.00	1.35	0.68	100.00	23.77	7.49	0	682	0	0	0	0	0	0	682	312.74	3.67	0.87	3.91	17.03	6.52	6.32	3.29	20.10	19.84
6/27/2023 10:43:18	0.00	0.69	0.00	0.00	0.00	0.00	0.00	1.37	0.69	100.00	24.54	7.28	0	686	0	0	0	0	0	0	686	312.95	3.58	0.92	4.00	17.44	6.45	6.17	3.36	20.08	19.85
6/27/2023 10:43:21	0.00	0.66	0.00	0.00	0.00	0.00	0.00	1.30	0.66	100.00	25.12	7.08	0	664	0	0	0	0	0	0	664	312.73	3.38	0.82	3.88	16.44	6.39	5.85	3.42	20.07	19.85
6/27/2023 10:43:24	0.00	0.66	0.00	0.00	0.00	0.00	0.00	1.23	0.66	100.00	25.81	6.88	0	658	0	0	0	0	0	0	658	313.33	3.19	0.85	3.85	15.59	6.31	5.63	3.49	20.05	19.82
6/27/2023 10:43:27	0.00	0.66	0.00	0.00	0.00	0.00	0.00	1.20	0.66	100.00	26.56	6.74	0	664	0	0	0	0	0	0	664	313.31	3.20	0.83	3.82	15.08	6.33	5.52	3.56	20.04	19.82
6/27/2023 10:43:30	0.00	0.64	0.00	0.00	0.00	0.00	0.00	1.18	0.64	100.00	27.25	6.61	0	635	0	0	0	0	0	0	635	313.56	2.92	0.78	3.76	14.89	6.25	5.32	3.63	20.01	19.85
6/27/2023 10:43:33	0.00	0.65	0.00	0.00	0.00	0.00	0.00	1.18	0.65	100.00	28.10	6.54	0	650	0	0	0	0	0	0	650	313.83	2.93	0.84	3.81	14.89	6.25	5.24	3.71	19.98	19.82
6/27/2023 10:43:36	0.00	0.62	0.00	0.00	0.00	0.00	0.00	1.17	0.62	100.00	28.94	6.44	0	622	0	0	0	0	0	0	622	313.76	2.89	0.79	3.73	14.80	6.19	5.22	3.79	19.96	19.85
6/27/2023 10:43:39	0.00	0.62	0.00	0.00	0.00	0.00	0.00	1.10	0.62	100.00	29.93	6.29	0	623	0	0	0	0	0	0	623	313.90	2.77	0.70	3.75	13.91	6.10	4.93	3.89	19.93	19.82
6/27/2023 10:43:42	0.00	0.64	0.00	0.00	0.00	0.00	0.00	1.03	0.64	100.00	30.92	6.11	0	637	0	0	0	0	0	0	637	313.67	2.51	0.76	3.69	12.89	6.18	4.83	3.99	19.90	19.80
6/27/2023 10:43:45	0.00	0.56	0.00	0.00	0.00	0.00	0.00	0.98	0.56	100.00	31.77	5.87	0	561	0	0	0	0	0	0	561	313.18	2.37	0.74	3.52	12.09	5.89	4.62	4.07	19.85	19.82
6/27/2023 10:43:48	0.00	0.51	0.00	0.00	0.00	0.00	0.00	0.93	0.51	100.00	32.63	5.74	0	506	0	0	0	0	0	0	506	312.87	2.18	0.68	3.38	11.54	5.69	4.14	4.15	19.84	19.82
6/27/2023 10:43:51	0.00	0.55	0.00	0.00	0.00	0.00	0.00	0.88	0.55	100.00	33.68	5.63	0	552	0	0	0	0	0	0	552	312.67	2.05	0.64	3.45	10.95	5.79	3.83	4.26	19.80	19.82
6/27/2023 10:43:54	0.00	0.53	0.00	0.00	0.00	0.00	0.00	0.89	0.53	100.00	34.79	5.52	0	531	0	0	0	0	0	0	531	311.82	2.18	0.59	3.47	11.00	5.69	4.16	4.37	19.76	19.79
6/27/2023 10:43:57	0.00	0.53	0.00	0.00	0.00	0.00	0.00	0.88	0.53	100.00	35.81	5.45	0	525	0	0	0	0	0	0	525	311.87	2.16	0.57	3.47	10.92	5.65	4.11	4.47	19.69	19.74
6/27/2023 10:44:00	0.00	0.55	0.00	0.00	0.00	0.00	0.00	0.86	0.55	100.00	36.71	5.41	0	552	0	0	0	0	0	0	552	312.42	2.00	0.67	3.52	10.73	5.70	3.87	4.55	19.66	19.71
6/27/2023 10:44:03	0.00	0.51	0.00	0.00	0.00	0.00	0.00	0.84	0.51	100.00	37.60	5.30	0	507	0	0	0	0	0	0	507	311.62	1.94	0.51	3.40	10.44	5.60	3.75	4.64	19.61	19.71
6/27/2023 10:44:06	0.00	0.50	0.00	0.00	0.00	0.00	0.00	0.83	0.50	100.00	38.47	5.25	0	496	0	0	0	0	0	0	496	312.02	1.81	0.55	3.33	10.28	5.61	3.68	4.73	19.56	19.72
6/27/2023 10:44:09	0.00	0.49	0.00	0.00	0.00	0.00	0.00	0.81	0.49	100.00	39.52	5.12	0	487	0	0	0	0	0	0	487	311.79	1.76	0.57	3.34	10.01	5.53	3.66	4.83	19.49	19.67
6/27/2023 10:44:12	0.00	0.49	0.00	0.00	0.00	0.00	0.00	0.80	0.49	100.00	40.37	5.01	0	488	0	0	0	0	0	0	488	311.54	1.77	0.52	3.32	9.85	5.54	3.58	4.91	19.44	19.66
6/27/2023 10:44:15	0.00	0.49	0.00	0.00	0.00	0.00	0.00	0.79	0.49	100.00	41.21	4.95	0	487	0	0	0	0	0	0	487	312.22	1.77	0.45	3.33	9.71	5.52	3.59	4.99	19.39	19.69
6/27/2023 10:44:18	0.00	0.48	0.00	0.00	0.00	0.00	0.00	0.79	0.48	100.00	42.07	4.89	0	479	0	0	0	0	0	0	479	311.91	1.74	0.48	3.30	9.80	5.52	3.57	5.08	19.33	19.64
6/27/2023 10:44:21	0.00	0.47	0.00	0.00	0.00	0.00	0.00	0.78	0.47	100.00	42.91	4.86	0	473	0	0	0	0	0	0	473	311.66	1.69	0.49	3.36	9.67	5.39	3.47	5.16	19.30	19.66
6/27/2023 10:44:24	0.00	0.50	0.00	0.00	0.00	0.00	0.00	0.77	0.50	100.00	43.81	4.82	0	498	0	0	0	0	0	0	498	311.02	1.70	0.48	3.35	9.59	5.53	3.38	5.25	19.22	19.63
6/27/2023 10:44:27	0.00	0.54	0.00	0.00	0.00	0.00	0.00	0.77	0.54	100.00	44.61	4.80	0	543	0	0	0	0	0	0	543	310.02	1.68	0.50	3.49	9.52	5.60	3.43	5.33	19.17	19.59
6/27/2023 10:44:30	0.00	0.55	0.00	0.00	0.00	0.00	0.00	0.76	0.55	100.00	45.42	4.77	0	550	0	0	0	0	0	0	550	309.03	1.73	0.59	3.45	9.47	5.66	3.38	5.41	19.10	19.53
6/27/2023 10:44:33	0.00	0.53	0.00	0.00	0.00	0.00	0.00	0.76	0.53	100.00	46.01	4.78	0	532	0	0	0	0	0	0	532	308.67	1.62	0.50	3.55	9.41	5.45	3.32	5.47	19.05	19.51
6/27/2023 10:44:35	0.00	0.53	0.00	0.00	0.00	0.00	0.00	0.76	0.53	100.00	46.27	4.77	0	535	0	0	0	0	0	0	535	309.17	1.70	0.52	3.45	9.41	5.58	3.34	5.49	18.99	19.56
6/27/2023 10:44:39	0.00	0.54	0.00	0.00	0.00	0.00	0.00	0.76	0.54	100.00	46.36	4.83	0	541	0	0	0	0	0	0	541	308.77	1.67	0.51	3.50	9.44	5.57	3.36	5.50	18.92	19.48
6/27/2023 10:44:42	0.00	0.53	0.00	0.00	0.00	0.00	0.00	0.76	0.53	100.00	46.37	4.84	0	525	0	0	0	0	0	0	525	308.87	1.67	0.53	3.48	9.39	5.50	3.36	5.50	18.86	19.42
6/27/2023 10:44:44	0.00	0.54	0.00	0.00	0.00	0.00	0.00	0.76	0.54	100.00	46.45	4.83	0	537	0	0	0	0	0	0	537	309.74	1.61	0.47	3.52	9.41	5.52	3.27	5.51	18.79	19.37
6/27/2023 10:44:47	0.00	0.57	0.00	0.00	0.00	0.00	0.00	0.77	0.57	100.00	46.46	4.83	0	573	0	0	0	0	0	0	573	309.59	1.84	0.53	3.58	9.46	5.64	3.51	5.51	18.71	19.37
6/27/2023 10:44:50	0.00	0.55	0.00	0.00	0.00	0.00	0.00	0.76	0.55	100.00	46.41	4.87	0	550	0	0	0	0	0	0	550	309.07	1.70	0.54	3.52	9.44	5.58	3.43	5.50	18.68	19.37
6/27/2023 10:44:53	0.00	0.58	0.00	0.00	0.00	0.00	0.00	0.76	0.58	100.00	45.31	4.87	0	577	0	0	0	0	0	0	577	308.59	1.66	0.52	3.61	9.42	5.63	3.32	5.40	18.60	19.34
6/27/2023 10:44:56	0.00	0.59	0.00	0.00	0.00	0.00	0.00	0.77	0.59	100.00	43.63	4.82	0	591	0	0	0	0	0	0	591	310.37	1.72	0.58	3.57	9.54	5.75	3.41	5.23	18.54	19.30
6/27/2023 10:44:59	0.00	0.56	0.00	0.00	0.00	0.00	0.00	0.78	0.56	100.00	41.88	4.86	0	562	0	0	0	0	0	0	562	311.34	1.72	0.52	3.52	9.62	5.69	3.53	5.06	18.47	19.24
6/27/2023 10:45:02	0.00	0.54	0.00	0.00	0.00	0.00	0.00	0.78	0.54	100.00	40.16	4.95	0	543	0	0	0	0	0	0	543	312.17	1.65	0.47	3.47	9.73	5.66	3.43	4.89	18.40	19.21
6/27/2023 10:45:05	0.00	0.58	0.00	0.00	0.00	0.00	0.00	0.80	0.58	100.00	38.45	5.04	0	578	0	0	0	0	0	0	578	312.18	1.90	0.56	3.54	9.88	5.74	3.57	4.72	18.36	19.24
6/27/2023 10:45:08	0.00	0.58	0.00	0.00	0.00	0.00	0.00	0.83	0.58	100.00	36.49	5.20	0	578	0	0	0	0	0	0	578	312.25	1.97	0.57	3.54	10.25	5.78	3.77	4.53	18.28	19.19
6/27/2023 10:45:11	0.00	0.63	0.00	0.00	0.00	0.00	0.00	0.87	0.63	100.00	34.76	5.35	0	634	0	0	0	0	0	0	634	312.48	2.13	0.63	3.66	10.75	5.99	4.01	4.36	18.20	19.11
6/27/2023 10:45:14	0.00	0.64	0.00	0.00	0.00	0.00	0.00	0.88	0.64	100.00	33.02	5.49	0	637	0	0	0	0	0	0	637	312.24	2.28	0.67	3.70	10.95	5.97	4.17	4.19	18.14	19.08
6/27/2023 10:45:17	0.00	0.64	0.00	0.00	0.00	0.00	0.00	0.92	0.64	100.00	31.26	5.66	0	640	0	0	0	0	0	0	640	312.93	2.25	0.67	3.70	11.53	6.04	4.18	4.02	18.09	19.03
6/27/2023 10:45:20	0.00	0.71	0.00	0.00	0.00	0.00	0.00	1.01	0.71	100.00	29.48	5.89	0	712	0	0	0	0	0	0	712	313.31	2.62	0.77	3.86	12.68	6.33	4.71	3.85	18.04	19.03
6/27/2023 10:45:23	0.00	0.76	0.00	0.00	0.00	0.00	0.00	1.12	0.76	100.00	27.54	6.21	0	764	0	0	0	0	0	0	764	313.86	2.90	0.72	4.05	14.18	6.55	5.07	3.65	17.95	19.00
6/27/2023 10:45:26	0.00	0.79	0.00	0.00	0.00	0.00	0.00	1.19	0.79	100.00	25.76	6.50	0	790	0	0	0	0	0	0	790	313.94	3.21	0.83	4.19	15.06	6.58	5.47	3.48	17.90	18.95
6/27/2023 10:45:29	0.00	0.79	0.00	0.00	0.00	0.00	0.00	1.34	0.79	100.00	23.94	6.92	0	794	0	0	0	0	0	0	794	313.71	3.63	0.89	4.23	17.04	6.73	6.15	3.30	17.84	18.85
6/27/2023 10:45:32	0.00	0.85	0.00	0.00	0.00	0.00	0.00	1.37	0.85	100.00	22.20	7.31	0	850	0	0	0	0	0	0	850	313.42	3.85	0.98	4.30	17.31	6.98	6.59	3.13	17.79	18.88
6/27/2023 10:45:35	0.00	0.36	0.00	1.02	0.00	0.00	0.00	1.39	1.39	100.00	20.44	7.78	0	362	0	31	0	0	0	0	393	312.52	5.63	1.19	4.94	18.64	7.75	9.76	2.96	17.73	18.85
6/27/2023 10:45:38	0.00	0.23	3.52	0.94	0.00	0.00	0.00	1.10	4.68	100.00	18.42	8.58	0	226	1583	28	0	0	0	0	1837	312.79	9.65	1.74	6.37	21.07	9.48	17.38	2.76	17.68	18.85
6/27/2023 10:45:41	0.00	0.11	2.89	1.05	0.00	0.00	0.00	0.95	4.05	100.00	16.55	9.38	0	107	1302	31	0	0	0	0	1441	312.81	8.48	1.69	5.77	18.22	8.93	15.16	2.58	17.62	18.76
6/27/2023 10:45:44	0.00	0.13	2.15	1.06	0.00	0.00	0.00	0.91	3.34	100.00	14.78	9.87	0	126	968	32	0	0	0	0	1126	312.66	7.29	1.47	5.35	16.33	8.50	12.96	2.40	17.57	18.72
6/27/2023 10:45:47	0.00	0.20	1.42	1.07	0.00	0.00	0.00	0.90	2.70	100.00	13.02	10.51	0	203	640	32	0	0	0	0	875	312.85	6.29	1.60	5.22	15.01	8.03	10.98	2.23	17.53	18.69
6/27/2023 10:45:50	0.00	0.21	1.33	0.67	0.00	0.00	0.00	0.87	2.21	100.00	11.25	11.74	0	206	600	20	0	0	0	0	826	313.21	5.24	1.06	4.56	13.85	7.15	9.69	2.06	17.51	18.71
6/27/2023 10:45:53	0.00	0.30	0.71	0.91	0.00	0.00	0.00	0.83	1.92	100.00	9.23	15.15	0	300	318	27	0	0	0	0	646	312.20	4.97	0.79	4.69	12.64	7.56	8.22	1.86	17.48	18.59
6/27/2023 10:45:56	0.47	0.00	0.28	1.65	0.00	0.00	0.00	0.91	2.41	100.00	7.34	18.67	251	0	127	50	0	0	0	0	428	311.31	5.53	1.92	4.93	14.58	8.54	10.53	1.67	17.44	18.66
6/27/2023 10:45:59	0.00	0.00	2.84	0.76	0.00	0.00	0.00	0.86	3.60	100.00	5.55	19.50	0	0	1280	23	0	0	0	0	1303	309.58	9.19	-0.01	4.92	16.62	7.86	12.84	1.50	17.44	18.58
6/27/2023 10:46:02	0.00	0.00	4.29	1.12	0.00	0.00	0.00	0.47	5.41	100.00	3.73	19.63	0	0	1929	34	0	0	0	0	1962	312.07	10.58	-0.99	4.55	14.69	10.94	15.84	1.32	17.44	18.58
6/27/2023 10:46:05	2.60	0.00	0.37	0.88	0.00	0.00	0.00	0.65	3.85	100.00	1.91	19.87	1380	0	167	26	0	0	0	0	1574	309.78	4.33	0.98	4.51	13.32	7.99	11.69	1.14	17.44	18.50
6/27/2023 10:46:08	0.00	1.07	0.00	1.66	0.00	0.00	0.00	0.85	2.73	100.00	0.55	20.06	0	1067	0	50	0	0	0	0	1117	314.68	4.13	0.39	4.06	13.71	15.08	7.47	1.01	17.43	18.43
6/27/2023 10:46:11	2.79	0.00	0.00	0.00	0.00	0.00	0.00	0.83	2.79	100.00	0.55	20.17	1476	0	0	0	0	0	0	0	1476	311.95	1.49	0.33	-0.85	13.40	7.37	11.33	1.01	17.44	18.43
6/27/2023 10:46:14	1.53	0.00	3.72	0.56	0.00	0.00	0.00	0.03	5.81	100.00	0.58	20.12	810	0	1673	17	0	0	0	0	2500	311.54	6.94	1.87	3.97	9.45	8.73	14.25	1.01	17.42	18.39
6/27/2023 10:46:17	0.00	0.00	0.00	1.96	0.00	0.00	0.00	1.12	1.96	100.00	0.62	20.04	0	0	0	59	0	0	0	0	59	310.15	10.41	3.07	2.96	16.99	7.88	8.54	1.02	17.44	18.37
6/27/2023 10:46:20	3.85	0.00	0.17	0.00	0.00	0.00	0.00	0.86	4.03	100.00	0.54	19.94	2042	0	78	0	0	0	0	0	2120	312.17	3.24	0.75	5.71	16.18	3.47	13.17	1.01	17.44	18.35
6/27/2023 10:46:23	0.00	0.18	0.82	2.50	0.00	0.00	0.00	0.59	3.49	100.00	0.53	20.07	0	180	368	75	0	0	0	0	623	315.50	7.69	2.78	6.64	12.43	10.45	10.83	1.01	17.45	18.30
6/27/2023 10:46:26	0.00	0.00	1.52	1.63	0.00	0.00	0.00	0.81	3.15	100.00	0.55	20.08	0	0	683	49	0	0	0	0	732	311.54	9.13	-0.62	3.28	14.84	10.24	11.26	1.01	17.46	18.30
6/27/2023 10:46:29	4.89	0.00	0.00	0.11	0.00	0.00	0.00	0.36	5.00	100.00	0.56	19.91	2591	0	0	3	0	0	0	0	2594	314.92	2.76	0.48	1.97	10.85	7.50	12.38	1.01	17.47	18.26
6/27/2023 10:46:32	0.00	0.00	3.59	0.35	0.00	0.00	0.00	0.50	3.94	100.00	0.55	19.79	0	0	1616	10	0	0	0	0	1627	310.70	7.04	2.97	4.54	12.59	6.43	12.70	1.01	17.49	18.32
6/27/2023 10:46:35	0.00	0.00	0.00	2.68	0.00	0.00	0.00	0.67	2.68	100.00	0.55	19.76	0	0	0	80	0	0	0	0	80	307.39	5.57	4.17	3.58	12.17	11.78	9.76	1.01	17.51	18.37
6/27/2023 10:46:38	5.90	0.00	0.00	0.13	0.00	0.00	0.00	0.40	6.03	100.00	0.56	19.91	3127	0	0	4	0	0	0	0	3131	301.36	2.26	2.06	1.91	12.98	8.59	14.74	1.01	17.51	18.21
6/27/2023 10:46:41	0.00	0.00	1.84	1.97	0.00	0.00	0.00	0.60	3.81	100.00	0.56	20.14	0	0	826	59	0	0	0	0	885	313.84	9.11	1.93	5.84	13.49	9.43	11.74	1.01	17.52	18.19
6/27/2023 10:46:44	0.00	0.07	1.45	0.02	0.00	0.00	0.00	0.92	1.55	100.00	0.57	20.10	0	75	653	1	0	0	0	0	728	314.89	8.01	0.23	4.23	14.15	3.64	6.36	1.01	17.55	18.16
6/27/2023 10:46:47	0.00	0.00	0.00	2.42	0.00	0.00	0.00	0.82	2.42	100.00	0.56	20.03	0	0	0	73	0	0	0	0	73	316.17	12.16	1.56	1.59	13.89	9.61	7.51	1.01	17.57	18.10
6/27/2023 10:46:50	2.84	0.00	1.22	1.51	0.00	0.00	0.00	0.50	5.58	100.00	0.60	20.07	1506	0	550	45	0	0	0	0	2102	313.42	6.42	5.23	6.25	14.51	8.47	15.14	1.01	17.62	18.29
6/27/2023 10:46:53	0.00	0.00	1.94	0.27	0.00	0.00	0.00	1.12	2.21	100.00	0.57	20.10	0	0	873	8	0	0	0	0	881	309.69	7.34	5.31	2.56	17.49	4.56	11.18	1.01	17.64	18.16
6/27/2023 10:46:56	0.34	0.00	4.55	0.72	0.00	0.00	0.00	0.00	5.60	100.00	0.62	20.16	178	0	2045	22	0	0	0	0	2245	307.62	7.37	6.42	2.63	8.09	8.13	15.36	1.02	17.67	18.18
6/27/2023 10:46:59	0.00	0.22	2.61	0.00	0.00	0.00	0.00	0.51	2.83	100.00	0.62	20.20	0	223	1175	0	0	0	0	0	1398	304.89	10.57	1.40	6.69	11.56	1.77	5.91	1.02	17.72	18.16
6/27/2023 10:47:02	0.00	0.62	4.18	0.00	0.00	0.00	0.00	0.77	4.80	100.00	0.57	20.18	0	615	1883	0	0	0	0	0	2498	309.31	10.59	-4.47	6.27	16.99	9.06	13.84	1.01	17.76	18.10
6/27/2023 10:47:04	0.00	0.36	3.48	0.34	0.00	0.00	0.00	0.91	4.18	100.00	0.63	20.23	0	362	1567	10	0	0	0	0	1939	311.83	10.85	3.28	7.07	18.23	5.58	12.88	1.02	17.81	18.14
6/27/2023 10:47:08	0.00	1.75	1.69	0.31	0.00	0.00	0.00	1.10	3.76	100.00	0.62	20.18	0	1754	763	9	0	0	0	0	2527	305.47	7.38	0.24	8.42	17.71	10.39	10.68	1.02	17.85	18.16
6/27/2023 10:47:11	0.00	1.90	2.16	0.46	0.00	0.00	0.00	0.74	4.52	100.00	0.63	20.10	0	1897	973	14	0	0	0	0	2884	316.59	10.72	-2.89	8.82	14.72	11.31	8.39	1.02	17.89	18.11
6/27/2023 10:47:13	1.34	1.32	0.00	0.00	0.00	0.00	0.00	1.15	2.65	100.00	0.63	20.06	709	1316	0	0	0	0	0	0	2025	310.39	3.32	-1.77	6.28	16.35	9.14	9.23	1.02	17.94	18.10
6/27/2023 10:47:16	0.00	0.00	3.36	0.00	0.00	0.00	0.00	0.84	3.36	100.00	0.86	20.14	0	0	1513	0	0	0	0	0	1513	316.56	6.73	-1.21	1.75	15.57	8.18	13.82	1.04	17.98	18.11
6/27/2023 10:47:19	1.80	0.83	0.00	0.00	0.00	0.00	0.00	1.12	2.63	100.00	1.09	20.31	954	831	0	0	0	0	0	0	1786	318.16	1.53	0.19	5.30	16.55	8.02	9.93	1.06	18.02	18.16
6/27/2023 10:47:23	0.00	2.41	0.00	0.00	0.00	0.00	0.00	1.15	2.41	100.00	1.18	20.27	0	2412	0	0	0	0	0	0	2412	305.36	-0.24	-0.40	8.80	16.96	10.80	3.71	1.07	18.08	18.14
6/27/2023 10:47:25	0.00	0.00	2.41	2.36	0.00	0.00	0.00	0.00	4.77	100.00	1.24	20.25	0	0	1085	71	0	0	0	0	1156	304.72	9.75	3.13	5.18	7.35	10.29	10.89	1.08	18.14	18.14
6/27/2023 10:47:28	3.82	0.00	0.00	2.01	0.00	0.00	0.00	0.52	5.83	100.00	1.29	20.24	2022	0	0	60	0	0	0	0	2083	306.90	5.39	5.78	5.74	14.88	10.17	15.33	1.08	18.18	18.16
6/27/2023 10:47:31	0.00	0.00	0.42	0.35	0.00	0.00	0.00	1.25	0.77	100.00	1.95	20.28	0	0	190	11	0	0	0	0	200	317.25	4.59	-0.59	1.98	16.28	6.54	8.61	1.15	18.23	18.16
6/27/2023 10:47:34	0.05	0.00	2.49	0.00	0.00	0.00	0.00	0.68	2.54	100.00	2.61	20.29	29	0	1120	0	0	0	0	0	1148	313.98	5.19	0.81	7.54	12.61	0.90	10.23	1.21	18.30	18.21
6/27/2023 10:47:37	0.00	0.00	4.96	0.39	0.00	0.00	0.00	0.47	5.35	100.00	3.36	20.28	0	0	2232	12	0	0	0	0	2244	313.87	9.21	1.86	5.51	14.81	7.92	16.19	1.29	18.37	18.21
6/27/2023 10:47:40	0.81	0.00	3.67	0.00	0.00	0.00	0.00	0.76	4.48	100.00	4.20	20.28	429	0	1650	0	0	0	0	0	2079	313.05	7.03	1.41	4.04	16.48	6.81	15.65	1.37	18.42	18.18
6/27/2023 10:47:43	2.11	0.16	1.42	1.21	0.00	0.00	0.00	0.80	4.91	100.00	5.06	20.26	1120	163	638	36	0	0	0	0	1957	314.98	6.80	2.24	6.37	17.06	9.18	15.08	1.45	18.46	18.14
6/27/2023 10:47:46	0.79	0.62	3.92	0.00	0.00	0.00	0.00	0.56	5.33	100.00	6.01	20.22	416	618	1765	0	0	0	0	0	2800	313.54	7.52	0.03	6.63	14.80	8.52	14.76	1.55	18.51	18.18
6/27/2023 10:47:49	0.11	0.00	3.25	1.02	0.00	0.00	0.00	0.78	4.38	100.00	6.85	20.22	59	0	1463	31	0	0	0	0	1552	314.88	8.39	1.53	5.49	16.75	8.96	15.36	1.63	18.59	18.21
6/27/2023 10:47:52	0.00	0.00	2.71	1.06	0.00	0.00	0.00	0.87	3.77	100.00	7.78	20.19	0	0	1220	32	0	0	0	0	1252	313.10	7.70	1.97	4.17	16.64	9.03	14.55	1.72	18.62	18.22
6/27/2023 10:47:55	0.68	0.07	2.97	0.72	0.00	0.00	0.00	0.69	4.44	100.00	8.64	20.16	358	67	1338	22	0	0	0	0	1785	314.07	7.36	1.94	5.61	15.48	8.03	14.48	1.80	18.69	18.24
6/27/2023 10:47:58	0.00	0.17	1.69	0.92	0.00	0.00	0.00	0.92	2.78	100.00	9.58	19.62	0	174	759	28	0	0	0	0	960	314.89	6.55	1.38	5.09	15.43	7.81	11.32	1.89	18.74	18.22
6/27/2023 10:48:01	0.00	0.04	0.20	1.04	0.00	0.00	0.00	1.01	1.27	100.00	10.57	17.13	0	37	88	31	0	0	0	0	156	315.46	4.53	1.32	4.06	14.04	6.84	8.31	1.99	18.81	18.21
6/27/2023 10:48:04	0.00	0.21	0.60	0.83	0.00	0.00	0.00	0.91	1.64	100.00	11.53	14.20	0	212	268	25	0	0	0	0	505	316.46	4.41	1.13	4.37	13.24	7.11	8.43	2.09	18.85	18.22
6/27/2023 10:48:07	0.00	0.00	0.78	0.99	0.00	0.00	0.00	0.92	1.77	100.00	12.53	12.42	0	0	352	30	0	0	0	0	382	316.85	5.14	1.26	4.03	13.85	7.07	9.20	2.18	18.90	18.24
6/27/2023 10:48:10	0.00	0.00	1.14	1.05	0.00	0.00	0.00	0.94	2.19	100.00	13.45	11.21	0	0	513	32	0	0	0	0	545	316.35	5.96	1.35	4.46	14.87	7.40	10.34	2.27	18.92	18.27
6/27/2023 10:48:13	0.00	0.00	1.58	1.01	0.00	0.00	0.00	0.93	2.59	100.00	14.40	10.62	0	0	710	30	0	0	0	0	741	316.39	6.24	1.34	4.53	15.46	7.77	11.52	2.37	18.96	18.26
6/27/2023 10:48:16	0.00	0.00	2.06	0.96	0.00	0.00	0.00	0.94	3.01	100.00	15.33	10.23	0	0	925	29	0	0	0	0	954	316.55	7.06	1.65	4.88	16.40	7.73	12.59	2.46	18.97	18.29
6/27/2023 10:48:19	0.00	0.00	2.29	1.01	0.00	0.00	0.00	0.96	3.30	100.00	16.23	10.05	0	0	1031	30	0	0	0	0	1062	316.14	7.46	1.69	5.03	17.04	8.12	13.47	2.55	18.99	18.34
6/27/2023 10:48:22	0.00	0.00	2.32	1.01	0.00	0.00	0.00	0.95	3.33	100.00	17.10	10.03	0	0	1042	30	0	0	0	0	1073	316.31	7.55	1.64	5.05	17.06	8.13	13.49	2.63	19.02	18.39
6/27/2023 10:48:25	0.00	0.00	3.24	0.92	0.00	0.00	0.00	0.97	4.16	100.00	18.05	9.53	0	0	1457	28	0	0	0	0	1484	316.25	8.68	1.73	5.46	18.72	8.61	15.85	2.72	19.02	18.35
6/27/2023 10:48:28	0.00	0.10	3.95	0.79	0.00	0.00	0.00	1.11	4.84	100.00	19.07	8.88	0	97	1779	24	0	0	0	0	1899	315.88	9.96	1.85	6.15	21.63	9.04	18.20	2.82	19.05	18.39
6/27/2023 10:48:31	0.00	0.17	2.30	0.81	0.00	0.00	0.00	1.24	3.28	100.00	20.14	8.34	0	170	1036	24	0	0	0	0	1230	316.36	7.97	1.49	5.45	20.41	8.25	14.60	2.93	19.07	18.42
6/27/2023 10:48:34	0.00	0.21	0.01	1.02	0.00	0.00	0.00	1.42	1.24	100.00	21.23	7.98	0	211	6	31	0	0	0	0	248	316.50	5.63	1.21	4.60	18.98	7.37	9.99	3.04	19.08	18.37
6/27/2023 10:48:37	0.00	0.61	0.00	0.15	0.00	0.00	0.00	1.39	0.76	100.00	22.50	7.67	0	608	0	4	0	0	0	0	612	316.50	4.13	1.03	3.99	17.56	6.63	7.11	3.16	19.09	18.40
6/27/2023 10:48:40	0.00	0.73	0.00	0.00	0.00	0.00	0.00	1.38	0.73	100.00	23.71	7.37	0	734	0	0	0	0	0	0	734	317.14	3.33	1.06	4.00	17.69	6.74	6.08	3.28	19.09	18.39
6/27/2023 10:48:43	0.00	0.71	0.00	0.00	0.00	0.00	0.00	1.36	0.71	100.00	24.79	7.15	0	707	0	0	0	0	0	0	707	316.73	3.63	0.71	4.10	17.31	6.45	6.10	3.39	19.09	18.40
6/27/2023 10:48:46	0.00	0.72	0.00	0.00	0.00	0.00	0.00	1.23	0.72	100.00	25.92	6.88	0	721	0	0	0	0	0	0	721	317.12	3.09	0.94	3.93	15.63	6.57	5.61	3.50	19.10	18.45
6/27/2023 10:48:49	0.00	0.68	0.00	0.00	0.00	0.00	0.00	1.18	0.68	100.00	27.04	6.62	0	680	0	0	0	0	0	0	680	317.42	2.88	0.74	3.95	15.04	6.28	5.14	3.61	19.11	18.47
6/27/2023 10:48:52	0.00	0.63	0.00	0.00	0.00	0.00	0.00	1.17	0.63	100.00	28.35	6.40	0	634	0	0	0	0	0	0	634	317.08	2.89	0.80	3.75	14.81	6.24	5.21	3.73	19.09	18.40
6/27/2023 10:48:55	0.00	0.61	0.00	0.00	0.00	0.00	0.00	1.09	0.61	100.00	29.57	6.21	0	611	0	0	0	0	0	0	611	317.57	2.27	1.12	3.56	13.88	6.25	4.74	3.85	19.08	18.47
6/27/2023 10:48:58	0.00	0.62	0.00	0.00	0.00	0.00	0.00	1.01	0.62	100.00	30.72	5.98	0	617	0	0	0	0	0	0	617	316.71	2.37	0.77	3.64	12.77	6.10	4.49	3.97	19.08	18.50
6/27/2023 10:49:00	0.00	0.52	0.00	0.00	0.00	0.00	0.00	0.95	0.52	100.00	31.89	5.84	0	522	0	0	0	0	0	0	522	317.09	2.05	0.75	3.33	11.95	5.89	4.19	4.08	19.07	18.42
6/27/2023 10:49:03	0.00	0.59	0.00	0.00	0.00	0.00	0.00	0.89	0.59	100.00	33.17	5.66	0	592	0	0	0	0	0	0	592	316.57	1.99	0.71	3.58	11.17	5.89	3.92	4.21	19.08	18.48
6/27/2023 10:49:07	0.00	0.50	0.00	0.00	0.00	0.00	0.00	0.89	0.50	100.00	34.47	5.53	0	495	0	0	0	0	0	0	495	315.85	2.08	0.59	3.33	11.06	5.66	4.01	4.33	19.03	18.51
6/27/2023 10:49:10	0.00	0.56	0.00	0.00	0.00	0.00	0.00	0.92	0.56	100.00	35.61	5.46	0	557	0	0	0	0	0	0	557	315.71	2.40	0.61	3.51	11.39	5.80	4.38	4.45	19.03	18.48
6/27/2023 10:49:12	0.00	0.52	0.00	0.00	0.00	0.00	0.00	0.87	0.52	100.00	36.72	5.37	0	520	0	0	0	0	0	0	520	316.13	2.04	0.65	3.38	10.88	5.70	3.89	4.55	19.00	18.50
6/27/2023 10:49:15	0.00	0.48	0.00	0.00	0.00	0.00	0.00	0.86	0.48	100.00	37.62	5.29	0	478	0	0	0	0	0	0	478	316.25	1.93	0.56	3.35	10.63	5.51	3.86	4.64	18.98	18.45
6/27/2023 10:49:18	0.00	0.50	0.00	0.00	0.00	0.00	0.00	0.86	0.50	100.00	38.16	5.28	0	497	0	0	0	0	0	0	497	316.36	1.95	0.51	3.43	10.64	5.54	3.93	4.70	18.94	18.47
6/27/2023 10:49:22	0.00	0.52	0.00	0.00	0.00	0.00	0.00	0.84	0.52	100.00	39.29	5.14	0	525	0	0	0	0	0	0	525	316.23	1.92	0.50	3.46	10.39	5.63	3.85	4.81	18.91	18.43
6/27/2023 10:49:24	0.00	0.50	0.00	0.00	0.00	0.00	0.00	0.80	0.50	100.00	40.33	5.01	0	497	0	0	0	0	0	0	497	316.23	1.78	0.51	3.40	9.99	5.49	3.55	4.91	18.87	18.47
6/27/2023 10:49:27	0.00	0.50	0.00	0.00	0.00	0.00	0.00	0.80	0.50	100.00	41.01	4.96	0	498	0	0	0	0	0	0	498	316.61	1.82	0.52	3.34	9.87	5.55	3.51	4.98	18.82	18.42
6/27/2023 10:49:30	0.00	0.48	0.00	0.00	0.00	0.00	0.00	0.80	0.48	100.00	41.03	5.01	0	482	0	0	0	0	0	0	482	316.42	1.75	0.44	3.39	9.84	5.44	3.65	4.98	18.81	18.42
6/27/2023 10:49:33	0.00	0.50	0.00	0.00	0.00	0.00	0.00	0.80	0.50	100.00	41.15	5.01	0	496	0	0	0	0	0	0	496	316.21	1.64	0.42	3.40	9.92	5.51	3.52	4.99	18.77	18.40
6/27/2023 10:49:36	0.00	0.51	0.00	0.00	0.00	0.00	0.00	0.80	0.51	100.00	41.54	4.96	0	512	0	0	0	0	0	0	512	316.80	1.74	0.48	3.36	9.94	5.64	3.60	5.03	18.71	18.40
6/27/2023 10:49:39	0.00	0.49	0.00	0.00	0.00	0.00	0.00	0.80	0.49	100.00	41.61	5.02	0	488	0	0	0	0	0	0	488	316.45	1.77	0.46	3.35	9.92	5.51	3.54	5.03	18.66	18.37
6/27/2023 10:49:42	0.00	0.50	0.00	0.00	0.00	0.00	0.00	0.80	0.50	100.00	41.59	5.01	0	500	0	0	0	0	0	0	500	316.10	1.80	0.55	3.35	9.93	5.57	3.60	5.03	18.61	18.40
6/27/2023 10:49:45	0.00	0.51	0.00	0.00	0.00	0.00	0.00	0.80	0.51	100.00	41.60	5.01	0	508	0	0	0	0	0	0	508	316.82	1.81	0.47	3.43	9.97	5.52	3.56	5.03	18.56	18.37
6/27/2023 10:49:48	0.00	0.50	0.00	0.00	0.00	0.00	0.00	0.78	0.50	100.00	42.49	4.97	0	497	0	0	0	0	0	0	497	316.35	1.73	0.46	3.36	9.70	5.53	3.49	5.12	18.52	18.37
6/27/2023 10:49:51	0.00	0.53	0.00	0.00	0.00	0.00	0.00	0.78	0.53	100.00	43.97	4.80	0	529	0	0	0	0	0	0	529	315.46	1.78	0.51	3.46	9.70	5.57	3.51	5.26	18.46	18.34
6/27/2023 10:49:54	0.00	0.57	0.00	0.00	0.00	0.00	0.00	0.78	0.57	100.00	45.18	4.77	0	572	0	0	0	0	0	0	572	313.89	1.65	0.53	3.54	9.66	5.73	3.52	5.38	18.41	18.32
6/27/2023 10:49:57	0.00	0.55	0.00	0.00	0.00	0.00	0.00	0.77	0.55	100.00	46.20	4.77	0	555	0	0	0	0	0	0	555	313.26	1.64	0.48	3.57	9.58	5.60	3.47	5.48	18.36	18.30
6/27/2023 10:50:00	0.00	0.56	0.00	0.00	0.00	0.00	0.00	0.77	0.56	100.00	46.54	4.80	0	560	0	0	0	0	0	0	560	312.78	1.72	0.54	3.57	9.51	5.59	3.44	5.52	18.30	18.29
6/27/2023 10:50:03	0.00	0.55	0.00	0.00	0.00	0.00	0.00	0.77	0.55	100.00	46.48	4.79	0	547	0	0	0	0	0	0	547	312.46	1.64	0.51	3.51	9.50	5.61	3.45	5.51	18.25	18.30
6/27/2023 10:50:06	0.00	0.56	0.00	0.00	0.00	0.00	0.00	0.77	0.56	100.00	46.45	4.80	0	563	0	0	0	0	0	0	563	312.23	1.67	0.51	3.60	9.59	5.59	3.37	5.51	18.20	18.22
6/27/2023 10:50:09	0.00	0.56	0.00	0.00	0.00	0.00	0.00	0.78	0.56	100.00	46.46	4.82	0	561	0	0	0	0	0	0	561	312.67	1.72	0.54	3.54	9.60	5.66	3.60	5.51	18.14	18.22
6/27/2023 10:50:12	0.00	0.55	0.00	0.00	0.00	0.00	0.00	0.76	0.55	100.00	46.45	4.83	0	554	0	0	0	0	0	0	554	312.61	1.70	0.47	3.55	9.49	5.58	3.33	5.51	18.09	18.19
6/27/2023 10:50:15	0.00	0.56	0.00	0.00	0.00	0.00	0.00	0.77	0.56	100.00	46.44	4.84	0	565	0	0	0	0	0	0	565	312.09	1.64	0.53	3.53	9.56	5.68	3.40	5.51	18.01	18.18
6/27/2023 10:50:18	0.00	0.57	0.00	0.00	0.00	0.00	0.00	0.77	0.57	100.00	46.32	4.88	0	570	0	0	0	0	0	0	570	312.23	1.65	0.45	3.62	9.67	5.62	3.35	5.50	17.96	18.14
6/27/2023 10:50:21	0.00	0.58	0.00	0.00	0.00	0.00	0.00	0.77	0.58	100.00	44.58	4.84	0	579	0	0	0	0	0	0	579	312.44	1.68	0.58	3.57	9.56	5.71	3.49	5.32	17.89	18.08
6/27/2023 10:50:24	0.00	0.56	0.00	0.00	0.00	0.00	0.00	0.77	0.56	100.00	42.77	4.86	0	561	0	0	0	0	0	0	561	313.84	1.69	0.53	3.50	9.59	5.70	3.50	5.15	17.83	18.11
6/27/2023 10:50:27	0.00	0.59	0.00	0.00	0.00	0.00	0.00	0.79	0.59	100.00	41.01	4.91	0	589	0	0	0	0	0	0	589	314.80	1.82	0.48	3.66	9.80	5.69	3.68	4.97	17.78	18.05
6/27/2023 10:50:30	0.00	0.55	0.00	0.00	0.00	0.00	0.00	0.79	0.55	100.00	39.23	4.94	0	550	0	0	0	0	0	0	550	315.26	1.74	0.56	3.44	9.88	5.72	3.44	4.80	17.72	18.08
6/27/2023 10:50:33	0.00	0.56	0.00	0.00	0.00	0.00	0.00	0.82	0.56	100.00	37.46	5.11	0	562	0	0	0	0	0	0	562	315.11	1.87	0.59	3.50	10.14	5.76	3.82	4.63	17.67	18.01
6/27/2023 10:50:36	0.00	0.61	0.00	0.00	0.00	0.00	0.00	0.85	0.61	100.00	35.50	5.28	0	605	0	0	0	0	0	0	605	315.54	1.95	0.62	3.59	10.50	5.92	3.95	4.44	17.58	17.98
6/27/2023 10:50:39	0.00	0.63	0.00	0.00	0.00	0.00	0.00	0.87	0.63	100.00	33.72	5.41	0	634	0	0	0	0	0	0	634	315.69	2.14	0.58	3.70	10.80	5.95	3.90	4.26	17.53	18.00
6/27/2023 10:50:42	0.00	0.63	0.00	0.00	0.00	0.00	0.00	0.89	0.63	100.00	31.92	5.50	0	629	0	0	0	0	0	0	629	315.20	2.21	0.62	3.70	11.12	5.94	4.04	4.08	17.48	17.93
6/27/2023 10:50:45	0.00	0.65	0.00	0.00	0.00	0.00	0.00	0.93	0.65	100.00	30.15	5.66	0	648	0	0	0	0	0	0	648	316.05	2.30	0.67	3.70	11.68	6.11	4.29	3.91	17.42	17.87
6/27/2023 10:50:48	0.00	0.73	0.00	0.00	0.00	0.00	0.00	1.02	0.73	100.00	28.38	5.87	0	731	0	0	0	0	0	0	731	316.42	2.62	0.72	3.93	12.76	6.38	4.74	3.74	17.37	17.87
6/27/2023 10:50:51	0.00	0.75	0.00	0.00	0.00	0.00	0.00	1.12	0.75	100.00	26.42	6.17	0	755	0	0	0	0	0	0	755	317.14	2.92	0.79	4.06	14.20	6.48	5.15	3.54	17.32	17.90
6/27/2023 10:50:54	0.00	0.79	0.00	0.00	0.00	0.00	0.00	1.19	0.79	100.00	24.61	6.45	0	788	0	0	0	0	0	0	788	317.07	3.13	0.85	4.15	15.08	6.62	5.44	3.37	17.23	17.84
6/27/2023 10:50:57	0.00	0.79	0.00	0.00	0.00	0.00	0.00	1.31	0.79	100.00	22.84	6.81	0	794	0	0	0	0	0	0	794	317.31	3.55	0.85	4.12	16.54	6.83	6.07	3.19	17.20	17.77
6/27/2023 10:51:00	0.00	0.86	0.00	0.05	0.00	0.00	0.00	1.39	0.90	100.00	21.05	7.20	0	857	0	1	0	0	0	0	859	316.83	3.96	1.00	4.44	17.59	7.08	6.94	3.02	17.14	17.74
6/27/2023 10:51:03	0.00	0.51	0.00	0.75	0.00	0.00	0.00	1.38	1.26	100.00	19.25	7.63	0	511	0	22	0	0	0	0	534	316.00	5.22	1.12	4.86	18.20	7.51	8.86	2.84	17.10	17.72
6/27/2023 10:51:06	0.00	0.27	2.59	0.87	0.00	0.00	0.00	1.18	3.73	100.00	17.25	8.35	0	271	1166	26	0	0	0	0	1463	315.86	8.42	1.76	5.98	20.31	8.68	15.14	2.65	17.05	17.68
6/27/2023 10:51:09	0.00	0.18	2.73	1.00	0.00	0.00	0.00	0.97	3.90	100.00	15.46	9.19	0	177	1228	30	0	0	0	0	1435	315.80	8.18	1.56	5.76	18.07	8.92	14.72	2.47	17.01	17.66
6/27/2023 10:51:12	0.00	0.12	2.14	1.00	0.00	0.00	0.00	0.93	3.25	100.00	13.65	9.97	0	117	962	30	0	0	0	0	1109	315.66	7.02	1.58	5.26	16.42	8.33	12.98	2.29	16.96	17.58
6/27/2023 10:51:15	0.00	0.11	1.23	1.03	0.00	0.00	0.00	0.95	2.38	100.00	11.83	10.84	0	115	555	31	0	0	0	0	701	316.15	5.89	1.44	4.80	15.15	7.74	10.72	2.11	16.92	17.60
6/27/2023 10:51:18	0.00	0.06	0.47	1.29	0.00	0.00	0.00	0.93	1.82	100.00	10.03	12.61	0	63	210	39	0	0	0	0	312	316.80	5.40	1.32	4.54	14.03	7.72	9.14	1.94	16.90	17.60
6/27/2023 10:51:21	0.00	0.35	1.75	0.42	0.00	0.00	0.00	0.84	2.52	100.00	7.99	17.15	0	346	787	13	0	0	0	0	1146	314.48	5.19	1.59	4.98	13.86	6.88	10.09	1.74	16.86	17.50
6/27/2023 10:51:24	0.48	0.72	2.07	0.73	0.00	0.00	0.00	0.90	3.99	100.00	6.17	19.41	252	715	930	22	0	0	0	0	1919	314.54	6.73	1.51	6.64	16.59	9.30	13.07	1.56	16.84	17.53
6/27/2023 10:51:27	4.84	0.00	0.14	1.36	0.00	0.00	0.00	0.55	6.35	100.00	4.33	19.57	2567	0	64	41	0	0	0	0	2672	314.63	5.77	-0.87	5.61	15.81	11.18	16.12	1.38	16.85	17.48
6/27/2023 10:51:29	5.77	0.67	1.52	0.00	0.00	0.00	0.00	0.52	7.97	100.00	2.61	19.68	3060	673	686	0	0	0	0	0	4419	312.28	5.59	0.83	8.14	17.49	9.01	18.19	1.21	16.85	17.40
6/27/2023 10:51:32	0.00	1.34	1.22	0.00	0.00	0.00	0.00	1.14	2.57	100.00	0.91	19.92	0	1343	550	0	0	0	0	0	1894	307.40	7.48	1.62	8.15	17.05	5.86	7.89	1.05	16.87	17.47
6/27/2023 10:51:36	7.63	0.02	0.00	0.00	0.00	0.00	0.00	0.00	7.65	100.00	0.66	20.16	4044	24	0	0	0	0	0	0	4068	316.08	0.27	0.13	8.09	7.45	5.97	17.43	1.02	16.86	17.45
6/27/2023 10:51:39	0.00	0.00	0.51	2.02	0.00	0.00	0.00	0.85	2.53	100.00	0.69	20.19	0	0	230	61	0	0	0	0	290	313.94	8.10	1.29	3.86	14.23	9.61	9.88	1.02	16.87	17.34
6/27/2023 10:51:41	0.00	0.74	1.93	0.88	0.00	0.00	0.00	0.64	3.54	100.00	0.74	20.20	0	737	870	26	0	0	0	0	1633	315.95	10.15	-0.64	6.74	13.14	8.23	8.10	1.03	16.87	17.42
6/27/2023 10:51:44	1.24	0.47	3.93	0.00	0.00	0.00	0.00	0.60	5.64	100.00	0.73	20.12	655	475	1767	0	0	0	0	0	2898	317.39	7.60	1.53	6.67	16.01	7.98	15.93	1.03	16.87	17.34
6/27/2023 10:51:47	0.00	1.38	3.66	0.00	0.00	0.00	0.00	0.56	5.04	100.00	0.75	19.98	0	1376	1647	0	0	0	0	0	3023	317.11	7.89	0.22	9.67	13.83	7.56	12.24	1.03	16.88	17.35
6/27/2023 10:51:50	0.00	0.00	0.00	2.53	0.00	0.00	0.00	1.06	2.53	100.00	0.74	19.98	0	0	0	76	0	0	0	0	76	321.19	5.30	6.50	-0.34	17.31	14.53	10.81	1.03	16.89	17.31
6/27/2023 10:51:53	4.52	0.00	0.00	0.00	0.00	0.00	0.00	0.95	4.52	100.00	0.75	19.91	2393	0	0	0	0	0	0	0	2393	317.22	-2.06	2.84	2.22	18.35	7.83	15.14	1.03	16.90	17.27
6/27/2023 10:51:56	2.66	0.00	0.00	2.41	0.00	0.00	0.00	0.82	5.07	100.00	0.66	19.91	1407	0	0	72	0	0	0	0	1480	311.18	7.67	2.31	3.69	16.98	12.28	16.17	1.02	16.92	17.21
6/27/2023 10:51:59	0.00	3.90	0.00	0.00	0.00	0.00	0.00	1.26	3.90	100.00	0.66	19.88	2	3898	0	0	0	0	0	0	3900	310.96	3.98	2.86	13.38	17.26	12.66	7.41	1.02	16.92	17.18
6/27/2023 10:52:02	0.00	0.00	5.59	0.65	0.00	0.00	0.00	0.60	6.25	100.00	0.65	19.88	0	0	2517	20	0	0	0	0	2536	317.76	10.83	6.24	5.02	17.88	8.05	19.52	1.02	16.97	17.27
6/27/2023 10:52:05	0.00	0.17	0.00	4.19	0.00	0.00	0.00	0.75	4.36	100.00	0.65	19.79	0	173	0	126	0	0	0	0	299	310.70	11.85	4.57	6.79	16.66	15.40	10.86	1.02	16.98	17.18
6/27/2023 10:52:08	4.31	0.00	0.00	0.79	0.00	0.00	0.00	0.56	5.10	100.00	0.65	19.78	2284	0	0	24	0	0	0	0	2307	315.30	5.57	6.26	-1.39	12.98	7.16	15.63	1.02	17.00	17.19
6/27/2023 10:52:11	0.00	1.65	2.93	0.35	0.00	0.00	0.00	0.56	4.93	100.00	0.67	19.77	0	1653	1317	11	0	0	0	0	2981	317.36	8.34	1.40	9.06	13.22	9.84	10.56	1.02	17.02	17.23
6/27/2023 10:52:14	0.00	0.00	0.00	1.81	0.00	0.00	0.00	1.51	1.81	100.00	0.65	19.83	0	0	0	54	0	0	0	0	54	315.77	9.41	-0.94	3.49	21.28	9.89	11.31	1.02	17.06	17.18
6/27/2023 10:52:17	0.00	0.28	4.37	0.00	0.00	0.00	0.00	0.06	4.64	100.00	0.66	19.79	0	275	1965	0	0	0	0	0	2240	316.81	9.10	6.35	9.18	8.81	0.59	9.59	1.02	17.11	17.21
6/27/2023 10:52:20	0.00	1.05	0.00	1.31	0.00	0.00	0.00	1.19	2.36	100.00	0.67	19.73	0	1052	0	39	0	0	0	0	1092	321.68	5.01	1.71	6.25	17.06	11.02	9.55	1.02	17.16	17.10
6/27/2023 10:52:23	3.10	0.32	0.01	2.85	0.00	0.00	0.00	0.18	6.28	100.00	0.66	19.69	1645	318	4	85	0	0	0	0	2052	318.89	7.36	0.34	7.54	11.02	13.86	13.54	1.02	17.16	17.18
6/27/2023 10:52:26	1.16	0.31	0.00	1.80	0.00	0.00	0.00	0.61	3.26	100.00	0.65	19.81	615	307	0	54	0	0	0	0	975	315.04	3.32	5.51	5.42	11.99	9.85	9.76	1.02	17.19	17.16
6/27/2023 10:52:29	0.00	0.20	3.64	0.84	0.00	0.00	0.00	0.38	4.69	100.00	0.65	19.94	0	203	1640	25	0	0	0	0	1868	310.88	9.14	2.56	6.49	12.35	7.46	12.48	1.02	17.22	17.29
6/27/2023 10:52:32	0.68	0.48	0.00	1.39	0.00	0.00	0.00	0.87	2.54	100.00	0.66	19.97	360	477	0	42	0	0	0	0	878	310.76	4.10	-1.77	3.90	13.70	12.06	9.47	1.02	17.28	17.10
6/27/2023 10:52:35	5.31	0.05	1.99	0.00	0.00	0.00	0.00	0.00	7.35	100.00	0.68	19.94	2814	53	896	0	0	0	0	0	3763	318.77	5.39	-4.93	10.97	9.74	2.71	16.26	1.02	17.32	17.19
6/27/2023 10:52:38	0.23	0.69	0.00	1.94	0.00	0.00	0.00	0.86	2.85	100.00	0.69	19.89	120	685	0	58	0	0	0	0	864	317.57	4.83	4.03	6.48	14.11	10.70	9.76	1.02	17.41	17.16
6/27/2023 10:52:41	0.00	2.93	4.66	0.00	0.00	0.00	0.00	0.38	7.59	100.00	0.68	19.85	0	2925	2099	0	0	0	0	0	5024	319.40	12.31	0.12	13.48	14.56	12.14	12.38	1.02	17.41	17.13
6/27/2023 10:52:44	3.76	1.46	1.19	0.00	0.00	0.00	0.00	0.60	6.41	100.00	0.68	19.76	1995	1458	536	0	0	0	0	0	3989	316.81	4.78	3.95	10.93	15.52	6.73	13.82	1.02	17.46	17.21
6/27/2023 10:52:47	0.00	0.00	0.00	2.77	0.00	0.00	0.00	1.12	2.77	100.00	0.67	19.72	0	0	0	83	0	0	0	0	83	316.57	13.60	5.57	7.80	19.00	6.58	8.97	1.02	17.50	17.24
6/27/2023 10:52:50	0.94	0.48	1.43	0.00	0.00	0.00	0.00	0.89	2.85	100.00	0.66	19.74	498	476	645	0	0	0	0	0	1619	317.43	4.12	3.61	5.77	14.80	5.25	10.52	1.02	17.55	17.27
6/27/2023 10:52:53	0.00	1.52	2.16	0.00	0.00	0.00	0.00	1.01	3.68	100.00	0.67	19.83	0	1517	972	0	0	0	0	0	2489	314.76	7.73	1.10	9.10	17.02	7.15	10.25	1.02	17.60	17.29
6/27/2023 10:52:56	3.99	1.45	0.00	0.19	0.00	0.00	0.00	0.51	5.63	100.00	0.58	19.95	2114	1454	0	6	0	0	0	0	3574	302.24	0.70	3.74	6.67	12.98	11.66	11.19	1.01	17.65	17.24
6/27/2023 10:52:59	0.00	0.00	0.00	0.00	0.00	0.00	0.00	0.00	0.00	89.68	-0.07	19.93	0	0	0	0	0	0	0	0	0	227.44	-7.05	3.74	10.37	-21.79	-5.28	2.05	0.95	17.71	17.19
6/27/2023 10:53:02	0.00	1.34	0.00	0.00	0.00	0.00	0.00	0.08	1.34	89.24	-0.07	19.74	0	1338	0	0	0	0	0	0	1338	226.32	7.40	-0.92	3.89	6.23	6.54	-12.77	0.95	17.78	17.26
6/27/2023 10:53:05	0.00	0.45	0.58	0.00	0.00	0.00	0.00	0.00	1.03	94.15	-0.06	19.48	0	451	259	0	0	0	0	0	711	238.79	0.62	4.37	9.58	-9.49	-1.06	7.80	0.95	17.82	17.26
6/27/2023 10:53:08	0.00	1.24	0.00	0.00	0.00	0.00	0.00	0.35	1.24	97.22	-0.07	19.30	0	1243	0	0	0	0	0	0	1243	246.57	-0.55	-5.73	11.25	5.75	0.80	0.26	0.95	17.90	17.37
6/27/2023 10:53:11	0.00	0.08	0.00	0.00	0.00	0.00	0.00	0.00	0.08	84.85	-0.07	19.17	0	79	0	0	0	0	0	0	79	215.21	-10.58	1.78	3.32	-3.67	5.30	-11.13	0.95	17.93	17.31
6/27/2023 10:53:14	0.00	0.00	0.00	0.00	0.00	0.00	0.00	0.00	0.00	92.81	-0.05	19.02	0	0	0	0	0	0	0	0	0	235.40	-2.60	-3.83	1.39	0.45	3.09	-2.15	0.95	18.01	17.34
6/27/2023 10:53:17	0.00	2.45	0.00	0.00	0.00	0.00	0.00	0.00	2.45	98.74	-0.05	18.88	0	2447	0	0	0	0	0	0	2447	250.43	-5.59	-3.55	10.64	-13.55	12.14	-0.70	0.95	18.03	17.29
6/27/2023 10:53:20	0.00	3.54	1.60	0.00	0.00	0.00	0.00	0.00	5.14	98.11	-0.05	18.56	0	3544	720	0	0	0	0	0	4264	248.82	5.60	-6.76	18.25	-3.87	8.36	8.85	0.95	18.09	17.31
6/27/2023 10:53:23	0.27	2.02	1.20	0.00	0.00	0.00	0.00	0.00	3.49	99.25	-0.05	18.37	141	2023	539	0	0	0	0	0	2703	251.71	2.76	-8.73	9.68	-2.28	10.14	7.04	0.95	18.14	17.34
6/27/2023 10:53:26	0.00	0.91	0.00	0.00	0.00	0.00	0.00	0.00	0.91	100.00	-0.05	18.32	0	908	0	0	0	0	0	0	908	254.49	-0.95	5.44	7.51	-3.58	2.07	-8.66	0.95	18.19	17.35
6/27/2023 10:53:29	4.12	0.00	0.00	0.00	0.00	0.00	0.00	0.00	4.12	100.00	-0.05	18.28	2184	0	0	0	0	0	0	0	2184	253.98	-4.98	3.46	6.72	-0.12	2.26	13.05	0.95	18.23	17.32
6/27/2023 10:53:32	0.00	2.26	0.05	0.00	0.00	0.00	0.00	0.00	2.31	96.80	-0.04	18.24	0	2256	25	0	0	0	0	0	2281	245.51	1.66	-0.48	10.56	-5.54	6.93	3.56	0.95	18.27	17.42
6/27/2023 10:53:35	0.00	1.38	0.00	2.50	0.00	0.00	0.00	0.00	3.88	100.00	-0.04	18.22	0	1378	0	75	0	0	0	0	1453	266.15	11.27	-2.58	7.05	-0.74	15.68	3.80	0.95	18.33	17.42
6/27/2023 10:53:38	0.00	2.38	0.00	0.40	0.00	0.00	0.00	0.00	2.78	97.24	-0.04	18.19	0	2381	0	12	0	0	0	0	2393	246.61	3.04	3.92	4.46	0.15	14.61	-3.05	0.95	18.37	17.45
6/27/2023 10:53:41	0.00	2.49	0.00	0.00	0.00	0.00	0.00	0.00	2.49	97.25	-0.05	18.16	0	2493	0	0	0	0	0	0	2493	246.65	-1.59	-2.66	2.10	-11.09	21.13	-0.74	0.95	18.42	17.42
6/27/2023 10:53:44	0.00	2.63	0.00	0.00	0.00	0.00	0.00	1.23	2.63	81.83	-0.05	18.12	0	2630	0	0	0	0	0	0	2630	207.55	0.83	1.68	14.02	17.57	5.25	5.44	0.95	18.51	17.47
