Date/Time	Green Algae	Bluegreen	Diatoms	Cryptophyta	#5	#6	#7	Yellow substances	Total conc.	Transmission	Depth	Temp. Sample	Green Algae	Bluegreen	Diatoms	Cryptophyta	#5	#6	#7	Yellow substances	Total cell count	Trans. 700 nm	LED 3 [525 nm]	LED 4 [570 nm]	LED 5 [610 nm]	LED 6 [370 nm]	LED 7 [590 nm]	LED 8 [470 nm]	Pressure	Temp. LEDs	Temp. Sensor
date	µg/l	µg/l	µg/l	µg/l	µg/l	µg/l	µg/l	r.u.	µg/l	%	m	°C	cells/ml	cells/ml	cells/ml	cells/ml	cells/ml	cells/ml	cells/ml	r.u.	cells/ml	digits	digits	digits	digits	digits	digits	digits	bar	°C	°C
7/11/2023 10:36:55	0.00	1.45	0.00	2.26	0.00	0.00	0.00	0.00	3.71	100.00	0.00	25.61	0	1453	0	68	0	0	0	0	1521	254.88	0.89	4.98	4.66	0.59	18.20	6.14	0.97	25.74	26.15
7/11/2023 10:36:58	0.00	0.00	0.00	0.00	0.00	0.00	0.00	0.00	0.00	91.95	-0.02	25.62	0	0	0	0	0	0	0	0	0	233.19	-2.97	7.47	1.20	-14.80	-2.06	-2.12	0.96	25.84	26.17
7/11/2023 10:37:01	0.00	3.34	0.00	0.17	0.00	0.00	0.00	1.53	3.51	99.63	0.00	25.61	0	3337	0	5	0	0	0	0	3342	252.69	4.99	15.15	9.10	23.16	12.91	3.52	0.97	25.93	26.25
7/11/2023 10:37:04	2.65	4.62	0.00	0.00	0.00	0.00	0.00	0.00	7.27	97.31	-0.01	25.59	1403	4619	0	0	0	0	0	0	6023	246.79	0.09	5.67	19.16	-6.79	13.52	14.44	0.97	26.00	26.18
7/11/2023 10:37:07	0.00	5.54	0.00	0.00	0.00	0.00	0.00	0.00	5.54	98.64	-0.01	25.60	0	5543	0	0	0	0	0	0	5543	250.16	-2.90	6.72	17.02	-0.84	17.03	-11.43	0.97	26.07	26.23
7/11/2023 10:37:10	0.00	3.88	0.00	0.00	0.00	0.00	0.00	0.00	3.88	98.59	-0.01	25.61	0	3885	0	0	0	0	0	0	3885	250.04	-15.35	2.87	20.08	0.92	6.30	1.01	0.97	26.14	26.26
7/11/2023 10:37:13	0.00	4.84	0.00	0.00	0.00	0.00	0.00	1.18	4.84	93.34	-0.01	25.60	0	4841	0	0	0	0	0	0	4841	236.74	8.85	3.38	24.35	25.64	1.82	-11.37	0.97	26.23	26.36
7/11/2023 10:37:16	0.00	0.89	0.00	0.72	0.00	0.00	0.00	0.19	1.61	96.85	-0.02	25.59	0	893	0	21	0	0	0	0	914	245.64	-4.71	10.74	1.42	4.37	11.46	2.00	0.96	26.28	26.31
7/11/2023 10:37:19	1.18	7.20	0.00	0.00	0.00	0.00	0.00	0.00	8.38	96.58	0.01	25.60	627	7196	0	0	0	0	0	0	7823	244.94	-4.82	9.52	17.99	3.71	25.59	4.29	0.97	26.34	26.35
7/11/2023 10:37:22	0.00	2.55	0.00	1.11	0.00	0.00	0.00	0.05	3.66	98.76	-0.01	25.59	0	2554	0	33	0	0	0	0	2587	250.47	9.63	5.48	-5.73	10.10	28.14	-15.74	0.97	26.39	26.33
7/11/2023 10:37:25	0.98	0.00	0.00	0.00	0.00	0.00	0.00	0.00	0.98	100.00	-0.01	25.65	519	0	0	0	0	0	0	0	519	258.81	-1.24	-6.31	6.30	-0.68	-0.19	3.15	0.97	26.46	26.35
7/11/2023 10:37:28	0.00	4.00	0.00	0.00	0.00	0.00	0.00	0.00	4.00	100.00	-0.01	25.63	0	3999	0	0	0	0	0	0	3999	267.42	-2.95	13.56	12.58	7.74	10.44	-22.68	0.97	26.52	26.44
7/11/2023 10:37:31	0.60	0.00	0.00	0.00	0.00	0.00	0.00	0.00	0.60	93.91	-0.01	25.64	316	0	0	0	0	0	0	0	316	238.17	-5.85	8.12	17.75	-7.17	-17.48	8.18	0.96	26.56	26.47
7/11/2023 10:37:34	0.00	2.40	0.00	0.00	0.00	0.00	0.00	0.00	2.40	100.00	-0.01	25.67	0	2405	0	0	0	0	0	0	2405	253.85	10.89	6.70	7.19	6.67	6.17	-19.87	0.96	26.61	26.44
7/11/2023 10:37:37	3.52	0.19	0.00	0.00	0.00	0.00	0.00	0.62	3.71	100.00	-0.00	25.68	1868	188	0	0	0	0	0	0	2056	258.47	-8.43	-5.55	5.84	13.96	7.82	10.76	0.97	26.66	26.46
7/11/2023 10:37:39	0.00	5.09	1.88	0.00	0.00	0.00	0.00	0.27	6.97	98.04	-0.01	25.68	0	5089	846	0	0	0	0	0	5935	248.65	8.11	-5.27	21.17	9.23	11.92	5.56	0.97	26.73	26.51
7/11/2023 10:37:43	0.00	0.00	0.00	1.73	0.00	0.00	0.00	0.27	1.73	100.00	-0.01	25.69	0	0	0	52	0	0	0	0	52	264.54	5.93	8.84	2.64	7.04	6.76	1.29	0.96	26.77	26.54
7/11/2023 10:37:46	0.00	0.00	2.62	0.93	0.00	0.00	0.00	0.00	3.55	95.70	-0.01	25.71	0	0	1178	28	0	0	0	0	1206	242.73	25.37	-0.30	8.58	-9.41	-1.35	8.73	0.96	26.80	26.49
7/11/2023 10:37:48	0.00	4.26	0.00	0.00	0.00	0.00	0.00	0.14	4.26	97.41	-0.01	25.72	0	4257	0	0	0	0	0	0	4257	247.06	0.75	-0.99	16.46	4.14	10.02	-0.10	0.97	26.83	26.55
7/11/2023 10:37:51	0.00	2.08	0.00	0.00	0.00	0.00	0.00	0.99	2.08	97.21	-0.02	25.73	0	2079	0	0	0	0	0	0	2079	246.53	-2.78	1.74	11.13	14.95	5.83	3.46	0.96	26.88	26.59
7/11/2023 10:37:54	0.00	4.19	0.00	0.00	0.00	0.00	0.00	0.17	4.19	95.13	-0.02	25.75	0	4192	0	0	0	0	0	0	4192	241.27	-6.17	-5.46	21.28	7.38	5.69	-2.84	0.96	26.91	26.59
7/11/2023 10:37:58	0.00	5.62	0.00	0.00	0.00	0.00	0.00	0.00	5.62	100.00	-0.01	25.75	0	5621	0	0	0	0	0	0	5621	262.93	-3.86	1.62	18.63	-11.85	19.07	-1.32	0.97	26.95	26.60
7/11/2023 10:38:00	0.00	3.09	0.00	0.00	0.00	0.00	0.00	0.00	3.09	90.84	-0.01	25.77	0	3093	0	0	0	0	0	0	3093	230.39	18.71	2.02	5.73	2.54	12.22	-22.13	0.97	26.99	26.60
7/11/2023 10:38:03	0.00	7.58	0.00	0.00	0.00	0.00	0.00	0.22	7.58	100.00	-0.01	25.81	0	7584	0	0	0	0	0	0	7584	254.98	-4.17	16.41	20.41	9.83	21.40	-3.66	0.97	27.03	26.62
7/11/2023 10:38:06	0.00	2.82	0.00	0.00	0.00	0.00	0.00	0.15	2.82	99.85	-0.01	25.78	0	2815	0	0	0	0	0	0	2815	253.24	-3.99	-0.13	-0.98	6.19	23.50	-6.51	0.97	27.05	26.62
7/11/2023 10:38:09	0.00	5.24	0.00	1.18	0.00	0.00	0.00	0.00	6.42	98.44	-0.01	25.79	0	5240	0	35	0	0	0	0	5275	249.67	1.64	15.91	9.24	0.43	27.19	-1.35	0.96	27.11	26.70
7/11/2023 10:38:12	0.00	1.33	0.00	2.31	0.00	0.00	0.00	0.00	3.64	97.41	-0.01	25.81	0	1334	0	69	0	0	0	0	1404	247.04	6.17	8.11	8.49	0.00	11.52	4.89	0.97	27.14	26.67
7/11/2023 10:38:15	0.00	0.00	0.00	0.00	0.00	0.00	0.00	0.16	0.00	64.60	-0.00	25.82	0	0	0	0	0	0	0	0	0	163.85	14.19	-20.95	-12.32	2.37	-17.19	-1.56	0.97	27.18	26.75
7/11/2023 10:38:18	0.18	0.00	0.00	1.17	0.00	0.00	0.00	0.00	1.35	75.80	-0.01	25.82	95	0	0	35	0	0	0	0	130	192.27	1.88	11.14	-8.44	-2.87	6.83	8.40	0.96	27.19	26.75
7/11/2023 10:38:21	0.00	7.53	0.00	0.00	0.00	0.00	0.00	0.00	7.53	95.10	-0.01	25.83	0	7526	0	0	0	0	0	0	7526	241.19	2.06	-3.29	18.57	-8.78	29.12	-1.74	0.97	27.23	26.75
7/11/2023 10:38:24	1.72	3.09	0.00	0.00	0.00	0.00	0.00	0.00	4.81	100.00	-0.01	25.83	913	3090	0	0	0	0	0	0	4003	261.43	-2.90	-2.45	9.46	-6.48	17.20	10.73	0.97	27.26	26.70
7/11/2023 10:38:27	0.00	0.00	0.00	2.83	0.00	0.00	0.00	0.16	2.83	97.50	-0.01	25.83	0	0	0	85	0	0	0	0	85	247.27	10.99	0.20	-4.75	5.80	14.30	5.66	0.96	27.30	26.76
7/11/2023 10:38:30	0.00	3.78	0.00	0.00	0.00	0.00	0.00	0.00	3.78	100.00	-0.02	25.85	0	3776	0	0	0	0	0	0	3776	255.23	3.52	-6.85	14.74	-1.43	10.75	-7.19	0.96	27.32	26.78
7/11/2023 10:38:33	0.00	4.10	0.00	0.00	0.00	0.00	0.00	0.28	4.10	97.42	-0.01	25.88	0	4101	0	0	0	0	0	0	4101	247.07	-11.84	1.99	19.99	7.68	6.86	1.63	0.97	27.35	26.76
7/11/2023 10:38:36	0.00	2.55	0.00	0.00	0.00	0.00	0.00	0.67	2.55	96.42	0.19	25.14	0	2548	0	0	0	0	0	0	2548	244.53	1.81	-1.27	9.76	9.30	9.47	3.42	0.98	27.38	26.83
7/11/2023 10:38:39	6.34	0.56	0.00	0.86	0.00	0.00	0.00	0.22	7.76	100.00	0.37	24.24	3358	557	0	26	0	0	0	0	3941	309.78	2.51	2.90	6.43	13.36	12.01	15.61	1.00	27.40	26.78
7/11/2023 10:38:42	0.00	0.00	4.34	0.00	0.00	0.00	0.00	0.97	4.34	100.00	0.61	24.18	0	0	1952	0	0	0	0	0	1952	311.23	12.78	2.38	5.44	19.95	3.98	14.25	1.03	27.43	26.83
7/11/2023 10:38:45	0.00	0.00	6.61	0.30	0.00	0.00	0.00	0.00	6.90	100.00	0.53	24.27	0	0	2973	9	0	0	0	0	2982	310.06	13.36	-2.36	6.09	9.37	9.12	17.58	1.02	27.45	26.83
7/11/2023 10:38:48	4.95	0.00	0.00	0.00	0.00	0.00	0.00	0.57	4.95	100.00	0.30	24.24	2622	0	0	0	0	0	0	0	2622	312.57	2.54	1.37	3.76	13.71	5.96	13.29	1.00	27.48	26.84
7/11/2023 10:38:51	1.45	0.00	2.62	0.00	0.00	0.00	0.00	0.80	4.07	100.00	0.34	24.26	771	0	1177	0	0	0	0	0	1948	309.70	5.84	-1.03	2.86	15.66	2.94	15.91	1.00	27.50	26.84
7/11/2023 10:38:54	4.00	0.00	3.62	0.00	0.00	0.00	0.00	0.00	7.62	100.00	0.33	24.29	2119	0	1628	0	0	0	0	0	3748	313.12	6.24	0.50	2.60	10.30	5.35	19.75	1.00	27.53	26.91
7/11/2023 10:38:57	5.30	0.00	1.47	0.00	0.00	0.00	0.00	0.00	6.76	100.00	0.31	24.31	2806	0	661	0	0	0	0	0	3467	312.13	4.12	-2.12	5.52	9.75	6.88	14.18	1.00	27.55	26.91
7/11/2023 10:39:00	0.08	0.13	5.68	0.00	0.00	0.00	0.00	0.26	5.89	100.00	0.30	24.31	40	134	2558	0	0	0	0	0	2732	307.19	8.88	2.99	6.48	13.06	6.70	16.14	1.00	27.56	26.93
7/11/2023 10:39:03	6.23	0.00	2.16	0.00	0.00	0.00	0.00	0.49	8.38	100.00	0.30	24.33	3301	0	970	0	0	0	0	0	4271	311.44	6.14	-1.48	2.92	17.86	5.85	22.81	1.00	27.59	26.93
7/11/2023 10:39:06	0.00	0.00	3.83	0.00	0.00	0.00	0.00	1.26	3.83	100.00	0.27	24.39	0	0	1725	0	0	0	0	0	1725	305.36	7.89	5.39	3.94	21.79	3.16	18.23	0.99	27.60	26.93
7/11/2023 10:39:09	0.00	1.21	3.62	0.00	0.00	0.00	0.00	0.69	4.84	100.00	0.28	24.42	0	1214	1630	0	0	0	0	0	2844	309.71	7.76	1.19	9.28	15.20	7.13	12.95	0.99	27.62	26.93
7/11/2023 10:39:12	6.82	0.01	2.19	0.00	0.00	0.00	0.00	0.00	9.02	100.00	0.28	24.29	3614	8	988	0	0	0	0	0	4610	307.04	5.58	-0.54	7.47	12.50	7.97	19.59	0.99	27.65	26.96
7/11/2023 10:39:15	0.00	0.34	4.98	0.00	0.00	0.00	0.00	0.00	5.32	100.00	0.32	24.04	0	337	2240	0	0	0	0	0	2577	306.96	11.86	-1.84	8.25	9.18	4.06	10.09	1.00	27.65	26.97
7/11/2023 10:39:18	0.00	0.00	0.00	2.37	0.00	0.00	0.00	0.97	2.37	100.00	0.37	23.98	0	0	0	71	0	0	0	0	71	306.69	7.17	5.04	4.98	15.78	9.38	9.71	1.00	27.65	26.99
7/11/2023 10:39:21	0.00	0.00	7.27	0.00	0.00	0.00	0.00	0.08	7.27	100.00	0.34	23.99	0	0	3270	0	0	0	0	0	3270	308.57	13.96	-4.01	3.70	13.05	3.77	19.66	1.00	27.68	26.97
7/11/2023 10:39:24	7.15	0.00	0.00	2.35	0.00	0.00	0.00	0.00	9.50	100.00	0.34	24.06	3789	0	0	70	0	0	0	0	3860	302.81	6.26	4.47	3.97	12.97	14.48	20.76	1.00	27.71	27.04
7/11/2023 10:39:27	0.19	1.18	0.86	0.00	0.00	0.00	0.00	1.05	2.23	100.00	0.32	24.12	101	1176	387	0	0	0	0	0	1665	312.22	3.76	3.46	8.17	15.07	4.79	8.52	1.00	27.71	27.02
7/11/2023 10:39:30	0.77	0.00	2.56	2.27	0.00	0.00	0.00	0.38	5.60	100.00	0.33	24.09	407	0	1151	68	0	0	0	0	1626	308.07	9.16	1.88	4.86	13.24	12.58	15.76	1.00	27.72	27.04
7/11/2023 10:39:33	0.00	0.00	5.77	0.00	0.00	0.00	0.00	0.00	5.77	100.00	0.34	24.09	0	0	2595	0	0	0	0	0	2595	299.71	9.89	-1.22	4.31	4.81	8.18	17.37	1.00	27.75	27.04
7/11/2023 10:39:36	0.00	0.00	3.51	0.03	0.00	0.00	0.00	0.95	3.54	100.00	0.41	24.05	0	0	1578	1	0	0	0	0	1579	301.83	8.24	5.73	0.11	17.33	6.41	14.54	1.01	27.76	27.05
7/11/2023 10:39:39	4.65	0.00	1.23	0.00	0.00	0.00	0.00	0.78	5.87	100.00	1.27	23.80	2462	0	553	0	0	0	0	0	3015	311.89	4.94	1.21	6.59	18.20	4.11	17.16	1.09	27.77	27.10
7/11/2023 10:39:42	0.00	2.13	5.85	0.00	0.00	0.00	0.00	0.53	7.98	100.00	2.33	23.57	0	2125	2633	0	0	0	0	0	4758	306.81	12.94	0.90	14.53	18.05	8.39	17.01	1.19	27.78	27.07
7/11/2023 10:39:45	1.44	0.00	5.13	0.78	0.00	0.00	0.00	0.97	7.35	100.00	3.13	23.54	762	0	2308	24	0	0	0	0	3094	305.11	11.42	1.19	3.79	23.68	12.44	24.19	1.27	27.80	27.09
7/11/2023 10:39:48	2.15	0.00	5.02	0.93	0.00	0.00	0.00	0.91	8.09	100.00	3.95	23.52	1138	0	2258	28	0	0	0	0	3423	300.20	11.44	4.53	4.58	24.15	11.60	25.42	1.35	27.81	27.10
7/11/2023 10:39:50	4.35	0.00	5.57	0.93	0.00	0.00	0.00	0.55	10.86	100.00	4.79	23.49	2307	0	2507	28	0	0	0	0	4842	305.30	12.60	3.83	7.97	24.10	11.99	28.57	1.44	27.81	27.07
7/11/2023 10:39:53	3.59	0.00	6.35	0.77	0.00	0.00	0.00	0.66	10.71	100.00	5.82	23.30	1903	0	2856	23	0	0	0	0	4782	306.30	13.53	2.71	8.15	25.51	12.14	29.26	1.54	27.82	27.09
7/11/2023 10:39:57	6.66	0.00	6.64	0.69	0.00	0.00	0.00	0.45	13.99	100.00	6.87	23.03	3532	0	2986	21	0	0	0	0	6539	306.54	14.44	3.18	9.11	27.86	13.69	34.88	1.64	27.82	27.10
7/11/2023 10:40:00	5.38	0.00	7.85	0.57	0.00	0.00	0.00	0.56	13.80	100.00	7.73	22.83	2849	0	3533	17	0	0	0	0	6399	306.85	15.81	3.60	9.68	29.31	13.21	35.73	1.72	27.84	27.05
7/11/2023 10:40:02	5.16	0.00	7.78	0.71	0.00	0.00	0.00	0.61	13.65	100.00	8.04	22.48	2737	0	3502	21	0	0	0	0	6260	305.75	16.07	2.79	9.47	29.72	13.91	35.77	1.75	27.84	27.10
7/11/2023 10:40:05	3.04	0.00	7.82	1.47	0.00	0.00	0.00	0.80	12.33	100.00	8.45	21.47	1612	0	3518	44	0	0	0	0	5174	306.35	17.18	4.48	9.59	30.18	14.31	34.56	1.79	27.83	27.10
7/11/2023 10:40:08	0.00	0.00	9.04	1.65	0.00	0.00	0.00	0.97	10.69	100.00	8.74	20.75	0	0	4067	49	0	0	0	0	4117	307.88	18.89	4.44	8.87	30.33	14.29	33.06	1.82	27.84	27.12
7/11/2023 10:40:12	0.00	0.00	8.90	1.76	0.00	0.00	0.00	0.96	10.66	100.00	8.82	20.47	0	0	4005	53	0	0	0	0	4058	307.42	18.76	4.13	9.11	30.15	14.58	32.96	1.83	27.84	27.09
7/11/2023 10:40:14	0.00	0.00	8.58	1.93	0.00	0.00	0.00	1.03	10.52	100.00	8.87	20.52	0	0	3863	58	0	0	0	0	3921	308.05	18.89	4.53	9.07	30.66	14.71	32.86	1.83	27.83	27.15
7/11/2023 10:40:17	0.00	0.00	7.67	1.97	0.00	0.00	0.00	1.03	9.64	100.00	9.29	19.71	0	0	3452	59	0	0	0	0	3512	307.76	18.37	4.22	8.61	29.21	13.92	30.09	1.88	27.83	27.12
7/11/2023 10:40:20	0.00	0.00	7.16	1.95	0.00	0.00	0.00	0.94	9.11	100.00	9.94	19.05	0	0	3221	59	0	0	0	0	3280	308.21	17.29	4.22	7.89	27.11	13.60	28.27	1.94	27.85	27.15
7/11/2023 10:40:23	0.00	0.00	6.08	1.83	0.00	0.00	0.00	1.02	7.91	100.00	10.56	18.95	0	0	2736	55	0	0	0	0	2791	308.38	15.36	4.20	7.57	26.04	12.43	25.70	2.00	27.83	27.15
7/11/2023 10:40:26	0.00	0.00	3.83	1.51	0.00	0.00	0.00	0.97	5.34	100.00	11.37	17.75	0	0	1724	45	0	0	0	0	1769	309.01	11.04	2.84	6.24	20.79	10.22	18.71	2.08	27.81	27.15
7/11/2023 10:40:29	0.00	0.00	1.77	1.37	0.00	0.00	0.00	0.92	3.15	100.00	12.28	16.31	0	0	798	41	0	0	0	0	840	310.09	7.80	1.85	4.87	16.34	8.58	12.57	2.17	27.78	27.15
7/11/2023 10:40:32	0.00	0.00	1.09	1.33	0.00	0.00	0.00	0.88	2.41	100.00	13.25	15.62	0	0	489	40	0	0	0	0	529	309.51	6.65	1.67	4.57	14.52	7.84	10.31	2.26	27.76	27.18
7/11/2023 10:40:35	0.00	0.00	0.52	1.07	0.00	0.00	0.00	0.86	1.59	100.00	14.25	14.19	0	0	234	32	0	0	0	0	266	310.97	5.04	1.36	4.01	12.80	6.85	8.18	2.36	27.76	27.17
7/11/2023 10:40:38	0.00	0.09	0.00	0.79	0.00	0.00	0.00	0.85	0.87	100.00	15.12	12.45	0	86	0	24	0	0	0	0	109	311.57	3.47	0.89	3.58	11.37	6.22	6.20	2.45	27.72	27.18
7/11/2023 10:40:41	0.00	0.12	0.00	0.64	0.00	0.00	0.00	0.81	0.75	100.00	16.25	10.94	0	115	0	19	0	0	0	0	134	311.50	3.17	0.81	3.44	10.65	5.88	5.54	2.56	27.67	27.20
7/11/2023 10:40:44	0.00	0.14	0.00	0.56	0.00	0.00	0.00	0.81	0.70	100.00	17.38	10.39	0	144	0	17	0	0	0	0	161	311.61	2.93	0.76	3.39	10.49	5.80	5.39	2.67	27.62	27.17
7/11/2023 10:40:47	0.00	0.18	0.00	0.47	0.00	0.00	0.00	0.82	0.65	100.00	18.35	10.02	0	177	0	14	0	0	0	0	191	311.80	2.80	0.71	3.39	10.53	5.66	5.29	2.76	27.58	27.22
7/11/2023 10:40:50	0.00	0.23	0.00	0.34	0.00	0.00	0.00	0.81	0.57	100.00	19.29	9.63	0	229	0	10	0	0	0	0	240	311.48	2.62	0.63	3.26	10.27	5.56	4.78	2.86	27.53	27.15
7/11/2023 10:40:53	0.00	0.36	0.00	0.15	0.00	0.00	0.00	0.84	0.51	100.00	20.18	9.02	0	358	0	5	0	0	0	0	363	311.80	2.41	0.52	3.32	10.37	5.47	4.44	2.94	27.49	27.20
7/11/2023 10:40:56	0.00	0.40	0.00	0.05	0.00	0.00	0.00	0.94	0.46	100.00	21.14	8.45	0	401	0	2	0	0	0	0	402	311.79	2.42	0.47	3.25	11.54	5.55	4.77	3.04	27.42	27.15
7/11/2023 10:40:59	0.00	0.45	0.00	0.03	0.00	0.00	0.00	1.03	0.48	100.00	22.12	7.94	0	453	0	1	0	0	0	0	453	311.73	2.69	0.58	3.41	12.64	5.61	5.12	3.13	27.36	27.12
7/11/2023 10:41:02	0.00	0.49	0.00	0.00	0.00	0.00	0.00	1.07	0.49	100.00	23.22	7.32	0	494	0	0	0	0	0	0	494	312.08	2.79	0.57	3.52	13.20	5.66	5.28	3.24	27.29	27.13
7/11/2023 10:41:05	0.00	0.48	0.00	0.00	0.00	0.00	0.00	1.02	0.48	100.00	24.26	7.01	0	476	0	0	0	0	0	0	476	312.48	2.52	0.50	3.42	12.75	5.62	4.66	3.34	27.25	27.13
7/11/2023 10:41:08	0.00	0.45	0.00	0.00	0.00	0.00	0.00	0.98	0.45	100.00	24.99	6.76	0	451	0	0	0	0	0	0	451	312.58	2.25	0.57	3.35	12.30	5.50	4.29	3.41	27.17	27.15
7/11/2023 10:41:11	0.00	0.46	0.00	0.00	0.00	0.00	0.00	0.94	0.46	100.00	25.84	6.63	0	464	0	0	0	0	0	0	464	312.22	2.18	0.52	3.35	11.78	5.53	4.03	3.50	27.10	27.12
7/11/2023 10:41:14	0.00	0.43	0.00	0.00	0.00	0.00	0.00	0.90	0.43	100.00	26.76	6.43	0	430	0	0	0	0	0	0	430	312.04	1.95	0.56	3.19	11.22	5.50	3.89	3.59	27.03	27.07
7/11/2023 10:41:17	0.00	0.38	0.00	0.00	0.00	0.00	0.00	0.83	0.38	100.00	27.75	6.08	0	382	0	0	0	0	0	0	382	311.90	1.79	0.50	3.08	10.19	5.27	3.62	3.69	26.94	27.07
7/11/2023 10:41:20	0.00	0.41	0.00	0.00	0.00	0.00	0.00	0.78	0.41	100.00	28.67	5.78	0	406	0	0	0	0	0	0	406	311.48	1.74	0.50	3.10	9.56	5.31	3.44	3.78	26.87	27.04
7/11/2023 10:41:23	0.00	0.45	0.00	0.00	0.00	0.00	0.00	0.78	0.45	100.00	29.47	5.71	0	446	0	0	0	0	0	0	446	311.57	1.78	0.50	3.18	9.48	5.45	3.59	3.85	26.80	27.10
7/11/2023 10:41:26	0.00	0.43	0.00	0.00	0.00	0.00	0.00	0.76	0.43	100.00	30.60	5.59	0	429	0	0	0	0	0	0	429	310.82	1.69	0.48	3.20	9.29	5.33	3.59	3.97	26.68	27.07
7/11/2023 10:41:29	0.00	0.43	0.00	0.00	0.00	0.00	0.00	0.74	0.43	100.00	31.53	5.48	0	430	0	0	0	0	0	0	430	311.06	1.70	0.46	3.20	9.07	5.29	3.43	4.06	26.60	27.09
7/11/2023 10:41:32	0.00	0.43	0.00	0.00	0.00	0.00	0.00	0.73	0.43	100.00	32.38	5.42	0	434	0	0	0	0	0	0	434	310.24	1.67	0.52	3.09	8.91	5.43	3.40	4.14	26.52	27.04
7/11/2023 10:41:35	0.00	0.41	0.00	0.00	0.00	0.00	0.00	0.71	0.41	100.00	33.43	5.37	0	408	0	0	0	0	0	0	408	309.68	1.58	0.46	3.07	8.61	5.29	3.30	4.24	26.43	26.93
7/11/2023 10:41:38	0.00	0.44	0.00	0.00	0.00	0.00	0.00	0.70	0.44	100.00	34.51	5.28	0	437	0	0	0	0	0	0	437	309.74	1.42	0.51	3.21	8.48	5.28	3.25	4.35	26.34	26.94
7/11/2023 10:41:41	0.00	0.41	0.00	0.00	0.00	0.00	0.00	0.69	0.41	100.00	35.67	5.28	0	407	0	0	0	0	0	0	407	308.96	1.53	0.46	3.10	8.38	5.23	3.25	4.46	26.21	26.88
7/11/2023 10:41:44	0.00	0.40	0.00	0.00	0.00	0.00	0.00	0.69	0.40	100.00	36.55	5.23	0	396	0	0	0	0	0	0	396	308.34	1.46	0.42	3.11	8.30	5.15	3.14	4.55	26.14	26.91
7/11/2023 10:41:47	0.00	0.40	0.00	0.00	0.00	0.00	0.00	0.68	0.40	100.00	37.42	5.19	0	405	0	0	0	0	0	0	405	308.32	1.40	0.47	3.11	8.35	5.18	2.97	4.63	26.02	26.91
7/11/2023 10:41:50	0.00	0.41	0.00	0.00	0.00	0.00	0.00	0.68	0.41	100.00	38.10	5.15	0	411	0	0	0	0	0	0	411	307.79	1.38	0.44	3.12	8.35	5.22	3.00	4.70	25.91	26.83
7/11/2023 10:41:53	0.00	0.43	0.00	0.00	0.00	0.00	0.00	0.68	0.43	100.00	38.88	5.14	0	426	0	0	0	0	0	0	426	308.92	1.43	0.46	3.14	8.25	5.26	3.03	4.78	25.81	26.76
7/11/2023 10:41:56	0.00	0.41	0.00	0.00	0.00	0.00	0.00	0.68	0.41	100.00	39.60	5.09	0	415	0	0	0	0	0	0	415	308.83	1.44	0.45	3.12	8.22	5.23	3.06	4.85	25.70	26.73
7/11/2023 10:41:59	0.00	0.41	0.00	0.00	0.00	0.00	0.00	0.67	0.41	100.00	40.17	5.06	0	406	0	0	0	0	0	0	406	309.43	1.41	0.44	3.11	8.16	5.18	3.03	4.90	25.59	26.73
7/11/2023 10:42:02	0.00	0.43	0.00	0.00	0.00	0.00	0.00	0.69	0.43	100.00	40.66	4.98	0	430	0	0	0	0	0	0	430	308.21	1.49	0.47	3.21	8.32	5.21	3.15	4.95	25.45	26.62
7/11/2023 10:42:04	0.00	0.41	0.00	0.00	0.00	0.00	0.00	0.68	0.41	100.00	41.29	4.94	0	412	0	0	0	0	0	0	412	307.90	1.36	0.47	3.21	8.28	5.12	3.06	5.01	25.35	26.55
7/11/2023 10:42:07	0.00	0.44	0.00	0.00	0.00	0.00	0.00	0.68	0.44	100.00	42.30	4.88	0	442	0	0	0	0	0	0	442	307.06	1.32	0.45	3.25	8.35	5.24	3.00	5.11	25.28	26.64
7/11/2023 10:42:11	0.00	0.43	0.00	0.00	0.00	0.00	0.00	0.68	0.43	100.00	43.11	4.90	0	430	0	0	0	0	0	0	430	306.10	1.41	0.45	3.24	8.27	5.19	3.16	5.19	25.13	26.54
7/11/2023 10:42:14	0.00	0.40	0.00	0.00	0.00	0.00	0.00	0.67	0.40	100.00	43.64	4.88	0	403	0	0	0	0	0	0	403	306.11	1.30	0.44	3.19	8.22	5.06	2.80	5.24	25.01	26.46
7/11/2023 10:42:16	0.00	0.43	0.00	0.00	0.00	0.00	0.00	0.67	0.43	100.00	44.69	4.83	0	426	0	0	0	0	0	0	426	305.69	1.32	0.44	3.21	8.22	5.17	2.85	5.35	24.88	26.41
7/11/2023 10:42:19	0.00	0.43	0.00	0.00	0.00	0.00	0.00	0.68	0.43	100.00	45.19	4.85	0	425	0	0	0	0	0	0	425	305.14	1.24	0.41	3.24	8.29	5.17	2.96	5.39	24.79	26.31
7/11/2023 10:42:22	0.00	0.44	0.00	0.00	0.00	0.00	0.00	0.68	0.44	100.00	45.93	4.85	0	436	0	0	0	0	0	0	436	304.27	1.36	0.37	3.23	8.40	5.24	2.93	5.47	24.69	26.26
7/11/2023 10:42:26	0.00	0.41	0.00	0.00	0.00	0.00	0.00	0.69	0.41	100.00	45.94	4.84	0	409	0	0	0	0	0	0	409	304.21	1.34	0.43	3.22	8.44	5.10	2.91	5.47	24.56	26.25
7/11/2023 10:42:28	0.00	0.46	0.00	0.00	0.00	0.00	0.00	0.68	0.46	100.00	46.03	4.87	0	456	0	0	0	0	0	0	456	304.55	1.39	0.39	3.30	8.39	5.25	2.89	5.48	24.41	26.14
7/11/2023 10:42:31	0.00	0.48	0.00	0.00	0.00	0.00	0.00	0.69	0.48	100.00	46.00	4.89	0	477	0	0	0	0	0	0	477	305.02	1.35	0.37	3.34	8.49	5.36	2.96	5.47	24.31	26.25
7/11/2023 10:42:34	0.00	0.45	0.00	0.00	0.00	0.00	0.00	0.68	0.45	100.00	45.94	4.91	0	452	0	0	0	0	0	0	452	304.68	1.32	0.43	3.30	8.36	5.23	2.87	5.47	24.18	26.10
7/11/2023 10:42:37	0.00	0.45	0.00	0.00	0.00	0.00	0.00	0.69	0.45	100.00	45.92	4.96	0	453	0	0	0	0	0	0	453	305.09	1.39	0.46	3.29	8.48	5.25	2.98	5.47	24.07	26.09
7/11/2023 10:42:40	0.00	0.45	0.00	0.00	0.00	0.00	0.00	0.70	0.45	100.00	45.89	4.95	0	449	0	0	0	0	0	0	449	304.39	1.37	0.44	3.24	8.62	5.30	2.91	5.46	23.93	25.93
7/11/2023 10:42:43	0.00	0.44	0.00	0.00	0.00	0.00	0.00	0.69	0.44	100.00	45.90	5.02	0	437	0	0	0	0	0	0	437	304.13	1.34	0.41	3.22	8.56	5.27	2.95	5.46	23.83	25.86
7/11/2023 10:42:46	0.00	0.49	0.00	0.00	0.00	0.00	0.00	0.69	0.49	100.00	45.90	5.06	0	494	0	0	0	0	0	0	494	303.37	1.45	0.47	3.35	8.51	5.39	2.93	5.46	23.70	25.81
7/11/2023 10:42:49	0.00	0.48	0.00	0.00	0.00	0.00	0.00	0.69	0.48	100.00	45.90	5.06	0	475	0	0	0	0	0	0	475	304.08	1.34	0.44	3.36	8.53	5.32	3.04	5.46	23.59	25.81
7/11/2023 10:42:52	0.00	0.45	0.00	0.00	0.00	0.00	0.00	0.69	0.45	100.00	45.90	5.02	0	455	0	0	0	0	0	0	455	304.25	1.23	0.43	3.27	8.55	5.31	2.87	5.46	23.49	25.80
7/11/2023 10:42:55	0.00	0.48	0.00	0.00	0.00	0.00	0.00	0.70	0.48	100.00	45.89	5.06	0	481	0	0	0	0	0	0	481	303.96	1.37	0.43	3.35	8.60	5.36	3.00	5.46	23.37	25.68
7/11/2023 10:42:58	0.00	0.49	0.00	0.00	0.00	0.00	0.00	0.69	0.49	100.00	45.89	5.13	0	487	0	0	0	0	0	0	487	304.27	1.40	0.47	3.33	8.58	5.39	2.95	5.46	23.25	25.67
7/11/2023 10:43:01	0.00	0.49	0.00	0.00	0.00	0.00	0.00	0.70	0.49	100.00	45.89	5.14	0	493	0	0	0	0	0	0	493	303.66	1.37	0.45	3.36	8.65	5.41	2.95	5.46	23.12	25.52
7/11/2023 10:43:04	0.00	0.50	0.00	0.00	0.00	0.00	0.00	0.70	0.50	100.00	45.93	5.21	0	498	0	0	0	0	0	0	498	303.60	1.32	0.49	3.38	8.70	5.42	2.95	5.47	23.02	25.51
7/11/2023 10:43:07	0.00	0.50	0.00	0.00	0.00	0.00	0.00	0.70	0.50	100.00	45.96	5.13	0	501	0	0	0	0	0	0	501	303.26	1.35	0.42	3.35	8.72	5.48	2.97	5.47	22.90	25.44
7/11/2023 10:43:10	0.00	0.50	0.00	0.00	0.00	0.00	0.00	0.70	0.50	100.00	45.95	5.09	0	504	0	0	0	0	0	0	504	302.75	1.39	0.46	3.37	8.70	5.47	3.01	5.47	22.80	25.38
7/11/2023 10:43:13	0.00	0.49	0.00	0.00	0.00	0.00	0.00	0.70	0.49	100.00	45.94	5.21	0	494	0	0	0	0	0	0	494	302.64	1.34	0.51	3.36	8.66	5.42	3.04	5.47	22.66	25.30
7/11/2023 10:43:16	0.00	0.50	0.00	0.00	0.00	0.00	0.00	0.71	0.50	100.00	45.95	5.27	0	499	0	0	0	0	0	0	499	302.63	1.47	0.46	3.41	8.87	5.39	3.03	5.47	22.58	25.27
7/11/2023 10:43:19	0.00	0.49	0.00	0.00	0.00	0.00	0.00	0.71	0.49	100.00	45.94	5.20	0	490	0	0	0	0	0	0	490	302.73	1.37	0.50	3.35	8.76	5.42	3.05	5.47	22.45	25.19
7/11/2023 10:43:22	0.00	0.50	0.00	0.00	0.00	0.00	0.00	0.72	0.50	100.00	45.95	5.26	0	505	0	0	0	0	0	0	505	302.64	1.36	0.45	3.38	8.87	5.49	3.12	5.47	22.35	25.17
7/11/2023 10:43:25	0.00	0.49	0.00	0.00	0.00	0.00	0.00	0.71	0.49	100.00	45.94	5.14	0	490	0	0	0	0	0	0	490	302.76	1.31	0.44	3.33	8.82	5.45	2.98	5.47	22.23	24.99
7/11/2023 10:43:28	0.00	0.48	0.00	0.00	0.00	0.00	0.00	0.71	0.48	100.00	45.94	5.14	0	476	0	0	0	0	0	0	476	302.78	1.36	0.47	3.28	8.86	5.43	2.95	5.47	22.15	24.96
7/11/2023 10:43:31	0.00	0.49	0.00	0.00	0.00	0.00	0.00	0.71	0.49	100.00	45.94	5.16	0	491	0	0	0	0	0	0	491	302.56	1.41	0.44	3.38	8.82	5.38	2.97	5.47	22.04	24.94
7/11/2023 10:43:34	0.00	0.49	0.00	0.00	0.00	0.00	0.00	0.71	0.49	100.00	45.93	5.19	0	490	0	0	0	0	0	0	490	302.36	1.40	0.44	3.37	8.82	5.38	2.94	5.47	21.94	24.86
7/11/2023 10:43:37	0.00	0.50	0.00	0.00	0.00	0.00	0.00	0.71	0.50	100.00	45.94	5.31	0	501	0	0	0	0	0	0	501	301.94	1.36	0.48	3.38	8.79	5.43	2.93	5.47	21.86	24.83
7/11/2023 10:43:40	0.00	0.51	0.00	0.00	0.00	0.00	0.00	0.71	0.51	100.00	45.96	5.17	0	506	0	0	0	0	0	0	506	301.56	1.29	0.54	3.40	8.86	5.46	2.97	5.47	21.73	24.75
7/11/2023 10:43:43	0.00	0.49	0.00	0.00	0.00	0.00	0.00	0.70	0.49	100.00	45.95	5.06	0	494	0	0	0	0	0	0	494	301.79	1.40	0.44	3.35	8.77	5.41	2.83	5.47	21.64	24.62
7/11/2023 10:43:46	0.00	0.49	0.00	0.00	0.00	0.00	0.00	0.70	0.49	100.00	45.95	5.01	0	491	0	0	0	0	0	0	491	301.53	1.31	0.48	3.39	8.73	5.35	2.84	5.47	21.54	24.65
7/11/2023 10:43:49	0.00	0.49	0.00	0.00	0.00	0.00	0.00	0.71	0.49	100.00	45.96	4.93	0	488	0	0	0	0	0	0	488	301.35	1.26	0.48	3.31	8.81	5.47	2.95	5.47	21.45	24.54
7/11/2023 10:43:52	0.00	0.49	0.00	0.00	0.00	0.00	0.00	0.70	0.49	100.00	45.96	4.97	0	490	0	0	0	0	0	0	490	301.36	1.38	0.52	3.33	8.76	5.40	2.79	5.47	21.36	24.49
7/11/2023 10:43:55	0.00	0.49	0.00	0.00	0.00	0.00	0.00	0.71	0.49	100.00	45.97	5.02	0	490	0	0	0	0	0	0	490	300.99	1.35	0.46	3.39	8.81	5.37	2.95	5.47	21.25	24.41
7/11/2023 10:43:58	0.00	0.50	0.00	0.00	0.00	0.00	0.00	0.71	0.50	100.00	45.97	5.03	0	501	0	0	0	0	0	0	501	300.71	1.32	0.48	3.41	8.83	5.41	2.98	5.47	21.15	24.35
7/11/2023 10:44:01	0.00	0.51	0.00	0.00	0.00	0.00	0.00	0.71	0.51	100.00	45.95	5.03	0	513	0	0	0	0	0	0	513	300.84	1.31	0.49	3.46	8.82	5.42	2.97	5.47	21.07	24.33
7/11/2023 10:44:04	0.00	0.50	0.00	0.00	0.00	0.00	0.00	0.70	0.50	100.00	45.96	5.01	0	498	0	0	0	0	0	0	498	301.24	1.30	0.49	3.37	8.76	5.44	2.93	5.47	20.98	24.20
7/11/2023 10:44:07	0.00	0.52	0.00	0.00	0.00	0.00	0.00	0.71	0.52	100.00	45.96	5.01	0	524	0	0	0	0	0	0	524	300.94	1.35	0.45	3.45	8.92	5.49	2.89	5.47	20.90	24.23
7/11/2023 10:44:10	0.00	0.54	0.00	0.00	0.00	0.00	0.00	0.71	0.54	100.00	45.95	5.05	0	537	0	0	0	0	0	0	537	301.22	1.34	0.50	3.52	8.82	5.48	3.01	5.47	20.81	24.19
7/11/2023 10:44:13	0.00	0.51	0.00	0.00	0.00	0.00	0.00	0.71	0.51	100.00	45.96	5.04	0	513	0	0	0	0	0	0	513	300.56	1.31	0.43	3.48	8.91	5.41	2.95	5.47	20.69	24.07
7/11/2023 10:44:16	0.00	0.53	0.00	0.00	0.00	0.00	0.00	0.71	0.53	100.00	45.97	5.00	0	528	0	0	0	0	0	0	528	300.32	1.36	0.47	3.42	8.85	5.53	2.87	5.47	20.63	23.99
7/11/2023 10:44:19	0.00	0.52	0.00	0.00	0.00	0.00	0.00	0.71	0.52	100.00	45.95	5.01	0	523	0	0	0	0	0	0	523	300.05	1.40	0.52	3.39	8.85	5.54	2.95	5.47	20.53	23.86
7/11/2023 10:44:21	0.00	0.51	0.00	0.00	0.00	0.00	0.00	0.71	0.51	100.00	45.42	4.97	0	512	0	0	0	0	0	0	512	300.34	1.30	0.45	3.49	8.88	5.37	2.85	5.42	20.47	23.90
7/11/2023 10:44:25	0.00	0.52	0.00	0.00	0.00	0.00	0.00	0.71	0.52	100.00	43.52	4.85	0	519	0	0	0	0	0	0	519	300.25	1.28	0.50	3.46	8.94	5.45	2.88	5.23	20.37	23.83
7/11/2023 10:44:28	0.00	0.53	0.00	0.00	0.00	0.00	0.00	0.71	0.53	100.00	41.82	4.85	0	528	0	0	0	0	0	0	528	300.32	1.34	0.48	3.51	8.92	5.43	2.86	5.06	20.28	23.70
7/11/2023 10:44:30	0.00	0.55	0.00	0.00	0.00	0.00	0.00	0.72	0.55	100.00	40.12	4.88	0	549	0	0	0	0	0	0	549	301.44	1.43	0.50	3.48	9.07	5.58	2.87	4.90	20.21	23.70
7/11/2023 10:44:33	0.00	0.55	0.00	0.00	0.00	0.00	0.00	0.73	0.55	100.00	38.41	4.94	0	553	0	0	0	0	0	0	553	303.88	1.52	0.55	3.48	9.12	5.60	3.01	4.73	20.14	23.67
7/11/2023 10:44:36	0.00	0.55	0.00	0.00	0.00	0.00	0.00	0.74	0.55	100.00	36.76	5.04	0	546	0	0	0	0	0	0	546	303.46	1.54	0.52	3.41	9.23	5.67	3.13	4.57	20.07	23.64
7/11/2023 10:44:40	0.00	0.57	0.00	0.00	0.00	0.00	0.00	0.75	0.57	100.00	34.94	5.13	0	565	0	0	0	0	0	0	565	303.38	1.52	0.62	3.51	9.37	5.66	3.10	4.39	19.96	23.53
7/11/2023 10:44:42	0.00	0.56	0.00	0.00	0.00	0.00	0.00	0.75	0.56	100.00	33.29	5.16	0	563	0	0	0	0	0	0	563	303.72	1.59	0.59	3.50	9.48	5.65	3.05	4.23	19.90	23.46
7/11/2023 10:44:45	0.00	0.61	0.00	0.00	0.00	0.00	0.00	0.77	0.61	100.00	31.58	5.23	0	606	0	0	0	0	0	0	606	303.87	1.66	0.66	3.58	9.64	5.81	3.30	4.06	19.81	23.36
7/11/2023 10:44:48	0.00	0.62	0.00	0.00	0.00	0.00	0.00	0.80	0.62	100.00	29.86	5.34	0	623	0	0	0	0	0	0	623	304.45	1.77	0.63	3.61	10.08	5.91	3.41	3.89	19.76	23.28
7/11/2023 10:44:51	0.00	0.64	0.00	0.00	0.00	0.00	0.00	0.83	0.64	100.00	28.16	5.49	0	642	0	0	0	0	0	0	642	305.06	1.88	0.70	3.69	10.39	5.94	3.64	3.73	19.70	23.32
7/11/2023 10:44:54	0.00	0.64	0.00	0.00	0.00	0.00	0.00	0.87	0.64	100.00	26.25	5.80	0	643	0	0	0	0	0	0	643	305.68	1.93	0.65	3.69	11.12	6.02	3.61	3.54	19.59	23.22
7/11/2023 10:44:57	0.00	0.66	0.00	0.00	0.00	0.00	0.00	0.97	0.66	100.00	24.51	6.21	0	662	0	0	0	0	0	0	662	306.09	2.13	0.73	3.81	12.53	6.07	3.77	3.37	19.54	23.14
7/11/2023 10:45:00	0.00	0.71	0.00	0.00	0.00	0.00	0.00	1.06	0.71	100.00	22.73	6.59	0	709	0	0	0	0	0	0	709	305.75	2.47	0.73	3.94	13.68	6.31	4.37	3.19	19.48	23.06
7/11/2023 10:45:03	0.00	0.75	0.00	0.00	0.00	0.00	0.00	1.14	0.75	100.00	20.96	7.18	0	752	0	0	0	0	0	0	752	305.64	2.77	0.78	4.12	14.36	6.44	5.28	3.02	19.39	23.01
7/11/2023 10:45:06	0.00	0.77	0.00	0.00	0.00	0.00	0.00	1.08	0.77	100.00	19.21	7.90	0	765	0	0	0	0	0	0	765	306.06	2.73	0.79	4.15	13.66	6.40	5.08	2.85	19.34	23.01
7/11/2023 10:45:09	0.00	0.70	0.00	0.13	0.00	0.00	0.00	0.97	0.83	100.00	17.23	8.80	0	702	0	4	0	0	0	0	706	305.65	2.72	0.90	3.99	12.23	6.59	4.96	2.65	19.28	22.91
7/11/2023 10:45:12	0.00	0.64	0.00	0.27	0.00	0.00	0.00	0.94	0.91	100.00	15.43	9.66	0	638	0	8	0	0	0	0	646	305.43	2.98	0.94	4.07	12.01	6.66	5.11	2.48	19.22	22.88
7/11/2023 10:45:15	0.00	0.56	0.00	0.47	0.00	0.00	0.00	0.94	1.04	100.00	13.63	11.43	0	561	0	14	0	0	0	0	575	304.68	3.34	1.07	4.25	12.37	6.84	5.75	2.30	19.17	22.74
7/11/2023 10:45:18	0.00	0.20	0.00	1.48	0.00	0.00	0.00	1.06	1.68	100.00	11.84	14.09	0	200	0	44	0	0	0	0	244	303.41	5.57	1.72	4.79	15.21	8.31	8.76	2.13	19.13	22.74
7/11/2023 10:45:21	0.00	0.00	1.05	2.09	0.00	0.00	0.00	1.17	3.14	100.00	10.07	16.51	0	0	473	63	0	0	0	0	536	302.34	8.64	2.09	5.84	19.26	9.95	13.74	1.95	19.09	22.69
7/11/2023 10:45:24	0.00	0.00	4.18	3.24	0.00	0.00	0.00	1.31	7.42	100.00	8.10	18.75	0	0	1881	97	0	0	0	0	1978	300.83	16.12	4.59	8.20	28.51	14.96	25.67	1.76	19.07	22.64
7/11/2023 10:45:27	1.70	0.00	7.27	2.26	0.00	0.00	0.00	1.01	11.23	100.00	6.30	21.00	900	0	3273	68	0	0	0	0	4241	298.22	17.98	3.94	9.27	31.12	15.97	33.63	1.58	19.07	22.59
7/11/2023 10:45:30	2.65	0.00	7.87	0.61	0.00	0.00	0.00	1.15	11.13	100.00	4.49	22.17	1406	0	3540	18	0	0	0	0	4965	299.11	16.04	3.94	7.86	32.67	12.76	34.18	1.41	19.06	22.53
7/11/2023 10:45:33	6.09	0.00	0.00	3.22	0.00	0.00	0.00	1.85	9.31	100.00	2.71	22.64	3225	0	0	97	0	0	0	0	3322	298.50	13.18	5.17	7.20	36.21	15.57	31.23	1.23	19.03	22.45
7/11/2023 10:45:36	0.10	1.11	0.00	2.07	0.00	0.00	0.00	1.72	3.29	100.00	0.94	22.97	55	1115	0	62	0	0	0	0	1231	267.88	6.92	6.83	8.79	25.14	11.45	14.98	1.06	19.04	22.38
7/11/2023 10:45:39	5.44	1.30	1.92	0.00	0.00	0.00	0.00	0.22	8.67	100.00	0.22	23.60	2885	1303	865	0	0	0	0	0	5054	302.13	5.76	1.27	9.92	14.34	10.00	16.83	0.99	19.03	22.37
7/11/2023 10:45:42	1.84	0.75	0.00	0.00	0.00	0.00	0.00	1.56	2.60	100.00	0.21	23.64	976	755	0	0	0	0	0	0	1731	300.71	1.16	-2.73	7.73	22.45	6.14	12.73	0.99	19.05	22.27
7/11/2023 10:45:45	0.00	0.14	4.63	0.05	0.00	0.00	0.00	0.71	4.82	100.00	0.24	23.64	0	136	2084	2	0	0	0	0	2221	296.70	11.65	0.14	5.84	17.10	6.57	14.05	0.99	19.05	22.27
7/11/2023 10:45:48	0.48	0.00	0.00	2.55	0.00	0.00	0.00	0.91	3.02	100.00	0.28	23.59	253	0	0	76	0	0	0	0	330	302.60	3.10	2.98	-3.09	15.11	17.86	13.36	0.99	19.07	22.27
7/11/2023 10:45:51	0.00	0.00	2.84	1.89	0.00	0.00	0.00	0.30	4.73	100.00	0.34	23.50	0	0	1277	57	0	0	0	0	1334	292.09	9.70	2.97	1.91	11.01	11.33	13.21	1.00	19.07	22.19
7/11/2023 10:45:54	2.26	0.00	0.00	1.06	0.00	0.00	0.00	1.53	3.32	100.00	0.85	23.37	1198	0	0	32	0	0	0	0	1229	301.14	4.93	-2.09	1.58	23.28	12.67	16.11	1.05	19.08	22.14
7/11/2023 10:45:57	0.00	0.00	5.45	0.64	0.00	0.00	0.00	0.64	6.09	100.00	1.77	23.27	0	0	2452	19	0	0	0	0	2471	302.02	12.66	0.63	4.75	18.29	9.60	18.23	1.14	19.12	22.12
7/11/2023 10:46:00	0.00	0.00	5.30	1.97	0.00	0.00	0.00	1.10	7.27	100.00	2.81	23.23	0	0	2384	59	0	0	0	0	2443	302.29	13.83	5.60	6.08	25.62	12.64	25.13	1.24	19.13	22.09
7/11/2023 10:46:03	3.25	0.00	7.28	0.00	0.00	0.00	0.00	0.93	10.53	100.00	3.76	23.25	1724	0	3276	0	0	0	0	0	5000	300.28	13.80	2.34	7.59	28.80	10.70	30.99	1.33	19.14	22.03
7/11/2023 10:46:05	9.72	0.00	2.60	1.62	0.00	0.00	0.00	0.57	13.95	100.00	4.77	23.26	5154	0	1171	49	0	0	0	0	6374	300.51	11.61	3.05	9.70	28.18	14.90	33.24	1.43	19.18	22.01
7/11/2023 10:46:09	6.07	0.43	5.68	0.99	0.00	0.00	0.00	0.84	13.17	100.00	5.65	23.09	3217	427	2557	30	0	0	0	0	6231	300.62	14.54	3.21	11.32	30.98	14.18	33.95	1.52	19.19	22.01
7/11/2023 10:46:12	4.57	0.02	6.75	0.81	0.00	0.00	0.00	1.02	12.14	100.00	6.53	22.89	2420	16	3037	24	0	0	0	0	5497	300.22	15.39	3.28	9.99	32.39	12.83	34.36	1.61	19.23	21.95
7/11/2023 10:46:15	4.89	0.14	5.88	1.91	0.00	0.00	0.00	1.01	12.83	100.00	7.41	22.69	2593	137	2647	57	0	0	0	0	5435	300.42	16.51	3.41	11.23	32.95	15.60	35.23	1.69	19.27	21.90
7/11/2023 10:46:17	3.75	0.00	6.49	1.95	0.00	0.00	0.00	1.17	12.18	100.00	8.32	21.90	1985	0	2920	58	0	0	0	0	4964	301.18	17.30	3.80	10.38	34.36	15.42	35.71	1.78	19.32	21.90
7/11/2023 10:46:20	0.34	0.00	7.40	2.69	0.00	0.00	0.00	1.36	10.44	100.00	9.11	20.27	180	0	3332	81	0	0	0	0	3593	302.60	19.35	4.66	10.49	34.55	16.01	34.16	1.86	19.34	21.91
7/11/2023 10:46:24	0.00	0.00	5.81	3.14	0.00	0.00	0.00	1.41	8.94	100.00	10.06	19.09	0	0	2613	94	0	0	0	0	2707	302.29	18.69	5.22	9.00	32.57	15.75	30.28	1.95	19.38	21.82
7/11/2023 10:46:26	0.00	0.00	4.06	2.48	0.00	0.00	0.00	1.38	6.54	100.00	11.07	17.94	0	0	1827	74	0	0	0	0	1901	303.82	15.00	3.95	7.50	28.03	12.84	23.67	2.05	19.44	21.83
7/11/2023 10:46:29	0.00	0.00	0.90	2.17	0.00	0.00	0.00	1.21	3.07	100.00	12.03	16.43	0	0	406	65	0	0	0	0	471	304.26	8.77	2.54	5.86	19.74	9.90	13.79	2.14	19.48	21.83
7/11/2023 10:46:32	0.00	0.00	0.38	2.00	0.00	0.00	0.00	1.16	2.38	100.00	12.86	15.81	0	0	170	60	0	0	0	0	230	304.72	7.57	2.15	5.30	17.84	9.12	11.64	2.23	19.49	21.80
7/11/2023 10:46:35	0.00	0.13	0.00	1.47	0.00	0.00	0.00	1.12	1.60	100.00	13.95	14.53	0	134	0	44	0	0	0	0	178	305.32	5.67	1.66	4.77	15.88	8.05	9.21	2.33	19.54	21.80
7/11/2023 10:46:38	0.00	0.36	0.00	0.58	0.00	0.00	0.00	1.02	0.93	100.00	15.24	11.98	0	356	0	17	0	0	0	0	374	306.15	3.68	1.20	3.86	13.39	6.66	6.32	2.46	19.55	21.75
7/11/2023 10:46:41	0.00	0.53	0.00	0.38	0.00	0.00	0.00	0.96	0.91	100.00	16.36	10.83	0	532	0	11	0	0	0	0	544	306.90	3.41	0.88	4.07	12.47	6.51	5.49	2.57	19.59	21.77
7/11/2023 10:46:44	0.00	0.57	0.00	0.29	0.00	0.00	0.00	0.96	0.86	100.00	17.40	10.23	0	573	0	9	0	0	0	0	581	307.08	3.11	0.87	3.99	12.24	6.48	5.26	2.67	19.60	21.75
7/11/2023 10:46:47	0.00	0.48	0.00	0.21	0.00	0.00	0.00	0.95	0.70	100.00	18.41	9.81	0	485	0	6	0	0	0	0	491	306.85	2.75	0.98	3.63	12.00	6.12	5.09	2.77	19.64	21.77
7/11/2023 10:46:50	0.00	0.56	0.00	0.09	0.00	0.00	0.00	0.97	0.65	100.00	19.44	9.38	0	560	0	3	0	0	0	0	563	306.67	2.67	0.85	3.65	12.07	6.03	4.82	2.87	19.66	21.77
7/11/2023 10:46:53	0.00	0.59	0.00	0.00	0.00	0.00	0.00	1.00	0.59	100.00	20.57	8.65	0	589	0	0	0	0	0	0	589	306.96	2.53	0.86	3.57	12.50	5.97	4.59	2.98	19.68	21.75
7/11/2023 10:46:56	0.00	0.60	0.00	0.00	0.00	0.00	0.00	1.11	0.60	100.00	21.65	8.01	0	598	0	0	0	0	0	0	598	307.21	2.62	0.84	3.71	13.98	6.02	5.02	3.09	19.69	21.77
7/11/2023 10:46:59	0.00	0.62	0.00	0.00	0.00	0.00	0.00	1.19	0.62	100.00	22.62	7.60	0	624	0	0	0	0	0	0	624	307.03	2.88	0.86	3.80	15.03	6.17	5.48	3.18	19.71	21.75
7/11/2023 10:47:02	0.00	0.61	0.00	0.00	0.00	0.00	0.00	1.18	0.61	100.00	23.64	7.14	0	614	0	0	0	0	0	0	614	307.90	2.74	0.81	3.72	15.11	6.19	5.01	3.28	19.74	21.74
7/11/2023 10:47:05	0.00	0.59	0.00	0.00	0.00	0.00	0.00	1.12	0.59	100.00	24.67	6.73	0	585	0	0	0	0	0	0	585	308.07	2.38	0.76	3.66	14.47	6.04	4.44	3.38	19.75	21.72
7/11/2023 10:47:08	0.00	0.54	0.00	0.00	0.00	0.00	0.00	1.07	0.54	100.00	25.53	6.57	0	536	0	0	0	0	0	0	536	308.11	2.15	0.79	3.54	13.85	5.85	4.07	3.47	19.75	21.74
7/11/2023 10:47:11	0.00	0.50	0.00	0.00	0.00	0.00	0.00	1.02	0.50	100.00	26.52	6.42	0	502	0	0	0	0	0	0	502	308.44	1.89	0.67	3.37	13.19	5.84	3.84	3.56	19.75	21.74
7/11/2023 10:47:14	0.00	0.52	0.00	0.00	0.00	0.00	0.00	0.94	0.52	100.00	27.49	6.12	0	516	0	0	0	0	0	0	516	308.31	1.91	0.72	3.44	12.00	5.68	3.60	3.66	19.76	21.70
7/11/2023 10:47:17	0.00	0.51	0.00	0.00	0.00	0.00	0.00	0.90	0.51	100.00	28.36	5.82	0	506	0	0	0	0	0	0	506	307.79	1.73	0.68	3.34	11.43	5.73	3.59	3.74	19.76	21.67
7/11/2023 10:47:20	0.00	0.54	0.00	0.00	0.00	0.00	0.00	0.87	0.54	100.00	29.47	5.64	0	535	0	0	0	0	0	0	535	307.60	1.76	0.66	3.38	11.14	5.80	3.47	3.85	19.79	21.69
7/11/2023 10:47:23	0.00	0.53	0.00	0.00	0.00	0.00	0.00	0.85	0.53	100.00	30.64	5.55	0	535	0	0	0	0	0	0	535	307.15	1.73	0.67	3.40	10.76	5.74	3.44	3.97	19.76	21.61
7/11/2023 10:47:26	0.00	0.53	0.00	0.00	0.00	0.00	0.00	0.85	0.53	100.00	31.54	5.51	0	526	0	0	0	0	0	0	526	307.36	1.73	0.70	3.40	10.76	5.70	3.51	4.06	19.77	21.64
7/11/2023 10:47:29	0.00	0.54	0.00	0.00	0.00	0.00	0.00	0.81	0.54	100.00	32.57	5.41	0	542	0	0	0	0	0	0	542	307.04	1.68	0.66	3.47	10.29	5.65	3.33	4.16	19.76	21.62
7/11/2023 10:47:32	0.00	0.53	0.00	0.00	0.00	0.00	0.00	0.80	0.53	100.00	33.37	5.29	0	527	0	0	0	0	0	0	527	307.05	1.66	0.56	3.40	10.14	5.65	3.26	4.24	19.75	21.61
7/11/2023 10:47:35	0.00	0.50	0.00	0.00	0.00	0.00	0.00	0.80	0.50	100.00	34.09	5.27	0	500	0	0	0	0	0	0	500	306.56	1.54	0.61	3.31	10.11	5.61	3.15	4.31	19.74	21.59
7/11/2023 10:47:38	0.00	0.50	0.00	0.00	0.00	0.00	0.00	0.79	0.50	100.00	35.17	5.28	0	504	0	0	0	0	0	0	504	305.63	1.58	0.60	3.36	9.92	5.54	3.13	4.41	19.74	21.56
7/11/2023 10:47:41	0.00	0.49	0.00	0.00	0.00	0.00	0.00	0.78	0.49	100.00	36.26	5.21	0	494	0	0	0	0	0	0	494	305.88	1.53	0.61	3.32	9.80	5.53	3.08	4.52	19.70	21.58
7/11/2023 10:47:44	0.00	0.48	0.00	0.00	0.00	0.00	0.00	0.78	0.48	100.00	37.22	5.17	0	483	0	0	0	0	0	0	483	305.06	1.50	0.59	3.30	9.80	5.50	3.14	4.61	19.69	21.58
7/11/2023 10:47:47	0.00	0.52	0.00	0.00	0.00	0.00	0.00	0.78	0.52	100.00	37.91	5.18	0	519	0	0	0	0	0	0	519	304.97	1.48	0.57	3.39	9.82	5.60	3.10	4.68	19.65	21.46
7/11/2023 10:47:50	0.00	0.51	0.00	0.00	0.00	0.00	0.00	0.77	0.51	100.00	38.93	5.13	0	506	0	0	0	0	0	0	506	306.07	1.46	0.60	3.36	9.65	5.55	3.07	4.78	19.65	21.48
7/11/2023 10:47:53	0.00	0.47	0.00	0.00	0.00	0.00	0.00	0.76	0.47	100.00	39.97	5.03	0	470	0	0	0	0	0	0	470	307.03	1.49	0.54	3.28	9.55	5.43	3.05	4.88	19.59	21.48
7/11/2023 10:47:56	0.00	0.51	0.00	0.00	0.00	0.00	0.00	0.75	0.51	100.00	40.66	4.93	0	507	0	0	0	0	0	0	507	306.35	1.38	0.52	3.43	9.53	5.47	2.99	4.95	19.59	21.45
7/11/2023 10:47:59	0.00	0.49	0.00	0.00	0.00	0.00	0.00	0.75	0.49	100.00	41.49	4.85	0	487	0	0	0	0	0	0	487	304.15	1.41	0.57	3.36	9.42	5.41	2.90	5.03	19.54	21.43
7/11/2023 10:48:02	0.00	0.50	0.00	0.00	0.00	0.00	0.00	0.75	0.50	100.00	42.40	4.83	0	496	0	0	0	0	0	0	496	303.35	1.39	0.56	3.39	9.43	5.42	2.89	5.12	19.52	21.38
7/11/2023 10:48:05	0.00	0.49	0.00	0.00	0.00	0.00	0.00	0.74	0.49	100.00	43.31	4.82	0	485	0	0	0	0	0	0	485	302.91	1.39	0.47	3.40	9.36	5.35	2.76	5.21	19.48	21.35
7/11/2023 10:48:08	0.00	0.49	0.00	0.00	0.00	0.00	0.00	0.74	0.49	100.00	44.09	4.79	0	489	0	0	0	0	0	0	489	302.64	1.27	0.51	3.40	9.47	5.39	2.75	5.29	19.44	21.30
7/11/2023 10:48:11	0.00	0.51	0.00	0.00	0.00	0.00	0.00	0.74	0.51	100.00	45.13	4.79	0	512	0	0	0	0	0	0	512	302.21	1.31	0.53	3.44	9.40	5.47	2.83	5.39	19.38	21.29
7/11/2023 10:48:14	0.00	0.48	0.00	0.00	0.00	0.00	0.00	0.73	0.48	100.00	45.88	4.78	0	483	0	0	0	0	0	0	483	302.30	1.28	0.52	3.39	9.29	5.35	2.81	5.46	19.34	21.25
7/11/2023 10:48:17	0.00	0.47	0.00	0.00	0.00	0.00	0.00	0.74	0.47	100.00	46.10	4.81	0	473	0	0	0	0	0	0	473	302.25	1.32	0.48	3.38	9.36	5.33	2.82	5.48	19.29	21.25
7/11/2023 10:48:19	0.00	0.50	0.00	0.00	0.00	0.00	0.00	0.73	0.50	100.00	46.06	4.83	0	505	0	0	0	0	0	0	505	302.24	1.32	0.54	3.41	9.31	5.45	2.84	5.48	19.26	21.22
7/11/2023 10:48:23	0.00	0.50	0.00	0.00	0.00	0.00	0.00	0.74	0.50	100.00	46.02	4.87	0	498	0	0	0	0	0	0	498	301.99	1.34	0.53	3.39	9.34	5.43	2.81	5.48	19.18	21.14
7/11/2023 10:48:26	0.00	0.52	0.00	0.00	0.00	0.00	0.00	0.74	0.52	100.00	45.66	4.90	0	516	0	0	0	0	0	0	516	302.26	1.31	0.55	3.47	9.33	5.44	2.84	5.44	19.14	21.14
7/11/2023 10:48:29	0.00	0.51	0.00	0.00	0.00	0.00	0.00	0.74	0.51	100.00	43.90	4.88	0	510	0	0	0	0	0	0	510	301.88	1.37	0.56	3.43	9.38	5.45	2.92	5.27	19.10	21.11
7/11/2023 10:48:31	0.00	0.50	0.00	0.00	0.00	0.00	0.00	0.74	0.50	100.00	42.08	4.88	0	500	0	0	0	0	0	0	500	302.41	1.32	0.59	3.41	9.36	5.43	2.93	5.09	19.06	21.08
7/11/2023 10:48:34	0.00	0.53	0.00	0.00	0.00	0.00	0.00	0.75	0.53	100.00	40.32	4.89	0	526	0	0	0	0	0	0	526	303.59	1.38	0.59	3.45	9.56	5.53	2.96	4.92	19.01	21.01
7/11/2023 10:48:38	0.00	0.54	0.00	0.00	0.00	0.00	0.00	0.76	0.54	100.00	38.29	4.97	0	537	0	0	0	0	0	0	537	306.15	1.43	0.67	3.40	9.57	5.64	3.03	4.72	18.95	20.95
7/11/2023 10:48:41	0.00	0.53	0.00	0.00	0.00	0.00	0.00	0.76	0.53	100.00	36.49	5.07	0	535	0	0	0	0	0	0	535	305.68	1.54	0.69	3.38	9.61	5.65	3.09	4.54	18.90	20.96
7/11/2023 10:48:43	0.00	0.57	0.00	0.00	0.00	0.00	0.00	0.76	0.57	100.00	34.66	5.15	0	575	0	0	0	0	0	0	575	305.67	1.49	0.84	3.47	9.67	5.74	3.03	4.36	18.83	20.92
7/11/2023 10:48:46	0.00	0.57	0.00	0.00	0.00	0.00	0.00	0.79	0.57	100.00	32.90	5.21	0	567	0	0	0	0	0	0	567	306.37	1.58	0.83	3.49	9.98	5.71	3.23	4.19	18.77	20.85
7/11/2023 10:48:49	0.00	0.60	0.00	0.00	0.00	0.00	0.00	0.81	0.60	100.00	31.11	5.30	0	603	0	0	0	0	0	0	603	307.13	1.70	0.83	3.58	10.26	5.83	3.42	4.01	18.74	20.80
7/11/2023 10:48:52	0.00	0.69	0.00	0.04	0.00	0.00	0.00	0.95	0.73	100.00	29.09	5.41	0	695	0	1	0	0	0	0	696	307.76	2.14	0.97	3.98	11.70	6.24	4.96	3.82	18.68	20.82
7/11/2023 10:48:55	0.00	0.65	0.00	0.00	0.00	0.00	0.00	0.86	0.65	100.00	27.26	5.57	0	647	0	0	0	0	0	0	647	307.95	1.81	0.93	3.72	10.87	5.94	3.62	3.64	18.61	20.75
7/11/2023 10:48:58	0.00	0.65	0.00	0.00	0.00	0.00	0.00	0.91	0.65	100.00	25.39	5.98	0	645	0	0	0	0	0	0	645	308.32	1.88	0.96	3.73	11.74	5.98	3.62	3.45	18.57	20.72
7/11/2023 10:49:01	0.00	0.66	0.00	0.00	0.00	0.00	0.00	1.02	0.66	100.00	23.53	6.39	0	661	0	0	0	0	0	0	661	308.61	2.08	1.01	3.77	13.17	6.16	3.98	3.27	18.52	20.66
7/11/2023 10:49:04	0.00	0.72	0.00	0.00	0.00	0.00	0.00	1.13	0.72	100.00	21.71	6.80	0	715	0	0	0	0	0	0	715	308.41	2.56	1.04	4.04	14.51	6.28	4.86	3.09	18.47	20.59
7/11/2023 10:49:07	0.00	0.78	0.00	0.00	0.00	0.00	0.00	1.13	0.78	100.00	19.66	7.72	0	784	0	0	0	0	0	0	784	307.66	2.85	0.97	4.30	14.37	6.32	5.13	2.89	18.40	20.58
7/11/2023 10:49:10	0.00	0.75	0.00	0.00	0.00	0.00	0.00	1.01	0.75	100.00	17.83	8.75	0	753	0	0	0	0	0	0	753	308.02	2.58	1.05	4.00	12.70	6.36	4.75	2.71	18.36	20.58
7/11/2023 10:49:13	0.00	0.64	0.00	0.28	0.00	0.00	0.00	0.96	0.92	100.00	15.95	9.63	0	641	0	8	0	0	0	0	650	307.69	3.00	1.22	4.13	12.39	6.64	5.29	2.53	18.30	20.51
7/11/2023 10:49:16	0.00	0.61	0.00	0.40	0.00	0.00	0.00	0.96	1.00	100.00	14.11	11.03	0	609	0	12	0	0	0	0	621	307.25	3.22	1.28	4.19	12.54	6.83	5.56	2.35	18.26	20.48
7/11/2023 10:49:19	0.00	0.35	0.00	1.18	0.00	0.00	0.00	1.02	1.53	100.00	12.27	13.63	0	347	0	36	0	0	0	0	383	306.04	4.98	1.83	4.82	14.43	7.81	7.84	2.17	18.25	20.42
7/11/2023 10:49:22	0.00	0.01	0.38	2.23	0.00	0.00	0.00	1.16	2.63	100.00	10.22	16.49	0	14	173	67	0	0	0	0	253	305.13	8.07	2.41	5.89	18.30	9.55	12.17	1.97	18.22	20.35
7/11/2023 10:49:25	0.00	0.00	4.21	2.99	0.00	0.00	0.00	1.26	7.20	100.00	8.35	18.59	0	0	1893	90	0	0	0	0	1983	304.48	15.80	3.63	8.54	27.54	14.22	24.55	1.78	18.19	20.32
7/11/2023 10:49:28	3.26	0.00	6.22	2.39	0.00	0.00	0.00	1.03	11.87	100.00	6.48	20.93	1726	0	2801	72	0	0	0	0	4599	300.99	17.27	4.27	9.95	32.08	16.11	34.38	1.60	18.22	20.29
7/11/2023 10:49:31	4.71	0.00	5.86	2.21	0.00	0.00	0.00	0.87	12.78	100.00	4.61	22.31	2496	0	2635	66	0	0	0	0	5198	299.18	16.65	2.85	10.20	31.23	16.48	34.82	1.42	18.20	20.30
7/11/2023 10:49:34	3.39	0.33	5.35	0.65	0.00	0.00	0.00	1.32	9.72	100.00	2.78	22.59	1796	327	2408	20	0	0	0	0	4551	301.10	13.34	1.91	9.01	31.70	12.50	29.80	1.24	18.21	20.17
7/11/2023 10:49:37	0.00	0.00	7.75	0.00	0.00	0.00	0.00	0.80	7.75	100.00	0.71	23.01	0	0	3487	0	0	0	0	0	3487	276.26	14.31	-1.49	-0.25	22.68	13.72	25.21	1.04	18.23	20.13
7/11/2023 10:49:40	6.01	0.00	0.00	0.00	0.00	0.00	0.00	0.73	6.01	100.00	0.24	23.58	3186	0	0	0	0	0	0	0	3186	297.47	-2.22	3.28	2.71	17.63	4.48	17.99	0.99	18.25	20.16
7/11/2023 10:49:43	4.39	2.76	1.77	0.00	0.00	0.00	0.00	0.56	8.93	100.00	0.25	23.65	2326	2763	799	0	0	0	0	0	5887	293.36	6.62	1.06	13.16	17.50	13.33	16.49	0.99	18.24	20.09
7/11/2023 10:49:46	0.00	0.44	3.82	1.50	0.00	0.00	0.00	0.00	5.76	100.00	0.26	23.47	0	438	1719	45	0	0	0	0	2202	303.33	12.93	1.53	8.31	8.80	8.63	11.02	0.99	18.26	20.06
7/11/2023 10:49:49	0.90	0.46	0.00	0.31	0.00	0.00	0.00	1.49	1.67	100.00	0.25	23.31	479	461	0	9	0	0	0	0	949	309.00	4.24	-5.30	2.81	19.72	10.56	11.03	0.99	18.27	20.04
7/11/2023 10:49:52	4.94	2.05	0.94	0.56	0.00	0.00	0.00	0.64	8.48	100.00	0.24	23.19	2616	2051	421	17	0	0	0	0	5104	300.63	6.27	4.19	12.10	18.49	11.94	17.14	0.99	18.30	20.01
7/11/2023 10:49:55	6.29	0.00	3.50	0.00	0.00	0.00	0.00	0.00	9.78	100.00	0.30	22.92	3332	0	1574	0	0	0	0	0	4906	277.08	6.41	3.16	1.08	12.94	9.67	24.25	1.00	18.31	20.01
7/11/2023 10:49:58	4.80	0.00	0.00	1.29	0.00	0.00	0.00	0.54	6.10	100.00	0.70	23.13	2545	0	0	39	0	0	0	0	2584	302.48	4.22	-2.80	3.41	15.22	13.73	15.57	1.03	18.35	19.88
7/11/2023 10:50:01	0.00	0.00	2.14	1.87	0.00	0.00	0.00	1.20	4.01	100.00	1.69	23.28	0	0	961	56	0	0	0	0	1017	308.07	9.70	1.65	4.11	21.06	11.52	16.80	1.13	18.36	19.88
7/11/2023 10:50:04	2.41	0.00	2.65	2.00	0.00	0.00	0.00	1.24	7.06	100.00	2.69	23.20	1277	0	1195	60	0	0	0	0	2531	305.82	11.17	3.32	7.52	26.36	12.26	23.50	1.23	18.40	19.92
7/11/2023 10:50:07	2.88	0.15	4.06	2.56	0.00	0.00	0.00	1.01	9.65	100.00	3.78	23.16	1526	149	1829	77	0	0	0	0	3580	304.43	14.40	2.44	9.74	27.78	15.44	28.00	1.34	18.40	19.87
7/11/2023 10:50:10	3.09	0.00	6.23	1.26	0.00	0.00	0.00	1.00	10.58	100.00	4.94	23.13	1638	0	2803	38	0	0	0	0	4479	300.89	14.86	3.91	9.35	29.69	12.60	31.02	1.45	18.45	19.85
7/11/2023 10:50:13	4.20	0.00	5.26	1.49	0.00	0.00	0.00	1.06	10.95	100.00	6.12	23.04	2227	0	2368	45	0	0	0	0	4639	302.57	14.38	3.91	9.41	30.75	13.29	31.67	1.57	18.50	19.84
7/11/2023 10:50:16	5.46	0.11	6.17	1.54	0.00	0.00	0.00	1.01	13.28	100.00	7.35	22.64	2894	108	2779	46	0	0	0	0	5827	303.43	16.40	2.92	11.04	33.69	15.29	36.26	1.69	18.52	19.85
7/11/2023 10:50:19	2.22	0.00	6.97	2.13	0.00	0.00	0.00	1.28	11.32	100.00	8.42	21.13	1178	0	3135	64	0	0	0	0	4377	304.90	18.10	3.48	10.21	34.54	15.66	34.94	1.79	18.56	19.82
7/11/2023 10:50:22	0.00	0.00	6.40	2.94	0.00	0.00	0.00	1.43	9.34	100.00	9.81	19.26	0	0	2879	88	0	0	0	0	2967	306.50	19.39	4.57	9.45	33.57	15.73	31.32	1.93	18.61	19.80
7/11/2023 10:50:25	0.00	0.00	3.62	2.49	0.00	0.00	0.00	1.39	6.11	100.00	11.24	17.80	0	0	1631	75	0	0	0	0	1706	306.78	14.23	3.36	7.29	27.32	12.82	22.66	2.07	18.66	19.80
7/11/2023 10:50:28	0.00	0.00	1.05	2.14	0.00	0.00	0.00	1.26	3.19	100.00	12.58	16.19	0	0	472	64	0	0	0	0	536	307.58	9.19	2.26	5.88	20.53	10.05	14.29	2.20	18.68	19.79
7/11/2023 10:50:31	0.00	0.09	0.08	1.64	0.00	0.00	0.00	1.16	1.81	100.00	13.92	14.66	0	88	35	49	0	0	0	0	172	308.40	6.27	1.53	4.97	16.80	8.44	10.13	2.33	18.73	19.79
7/11/2023 10:50:34	0.00	0.49	0.00	0.58	0.00	0.00	0.00	1.04	1.07	100.00	15.11	12.37	0	488	0	17	0	0	0	0	505	309.43	3.86	0.91	4.30	13.70	6.98	6.59	2.45	18.76	19.80
7/11/2023 10:50:37	0.00	0.53	0.00	0.31	0.00	0.00	0.00	0.98	0.85	100.00	16.66	10.72	0	532	0	9	0	0	0	0	541	310.15	3.20	0.74	3.98	12.51	6.43	5.54	2.60	18.79	19.79
7/11/2023 10:50:40	0.00	0.51	0.00	0.27	0.00	0.00	0.00	1.00	0.78	100.00	17.79	10.01	0	506	0	8	0	0	0	0	514	309.64	3.10	0.69	3.80	12.65	6.37	5.52	2.71	18.82	19.79
7/11/2023 10:50:43	0.00	0.55	0.00	0.15	0.00	0.00	0.00	0.99	0.70	100.00	18.92	9.48	0	553	0	4	0	0	0	0	558	309.95	2.80	0.66	3.79	12.35	6.16	5.24	2.82	18.83	19.75
7/11/2023 10:50:46	0.00	0.63	0.00	0.00	0.00	0.00	0.00	1.02	0.63	100.00	20.04	8.78	0	633	0	0	0	0	0	0	633	310.23	2.56	0.65	3.71	12.67	6.13	4.88	2.93	18.83	19.79
7/11/2023 10:50:48	0.00	0.60	0.00	0.00	0.00	0.00	0.00	1.14	0.60	100.00	21.18	8.06	0	596	0	0	0	0	0	0	596	310.45	2.71	0.55	3.78	14.35	6.02	5.12	3.04	18.86	19.79
7/11/2023 10:50:52	0.00	0.60	0.00	0.00	0.00	0.00	0.00	1.19	0.60	100.00	22.40	7.57	0	598	0	0	0	0	0	0	598	310.08	2.81	0.62	3.82	15.08	6.04	5.36	3.16	18.87	19.77
7/11/2023 10:50:55	0.00	0.61	0.00	0.00	0.00	0.00	0.00	1.17	0.61	100.00	23.52	7.01	0	610	0	0	0	0	0	0	610	310.32	2.51	0.55	3.79	14.98	6.14	4.83	3.27	18.89	19.82
7/11/2023 10:50:58	0.00	0.51	0.00	0.00	0.00	0.00	0.00	1.11	0.51	100.00	24.70	6.67	0	506	0	0	0	0	0	0	506	310.11	2.27	0.50	3.59	14.35	5.74	4.42	3.39	18.92	19.77
7/11/2023 10:51:00	0.00	0.54	0.00	0.00	0.00	0.00	0.00	1.05	0.54	100.00	25.79	6.49	0	541	0	0	0	0	0	0	541	310.07	2.18	0.45	3.66	13.58	5.78	4.16	3.49	18.93	19.79
7/11/2023 10:51:03	0.00	0.51	0.00	0.00	0.00	0.00	0.00	0.95	0.51	100.00	26.84	6.21	0	509	0	0	0	0	0	0	509	310.08	1.76	0.54	3.43	12.26	5.74	3.59	3.60	18.93	19.79
7/11/2023 10:51:07	0.00	0.51	0.00	0.00	0.00	0.00	0.00	0.91	0.51	100.00	28.12	5.87	0	511	0	0	0	0	0	0	511	310.03	1.81	0.46	3.46	11.63	5.67	3.60	3.72	18.97	19.77
7/11/2023 10:51:09	0.00	0.51	0.00	0.00	0.00	0.00	0.00	0.88	0.51	100.00	29.25	5.69	0	508	0	0	0	0	0	0	508	309.72	1.65	0.54	3.41	11.21	5.66	3.46	3.83	18.97	19.79
7/11/2023 10:51:12	0.00	0.52	0.00	0.00	0.00	0.00	0.00	0.86	0.52	100.00	30.38	5.60	0	523	0	0	0	0	0	0	523	309.78	1.71	0.47	3.44	10.91	5.68	3.44	3.94	18.97	19.77
7/11/2023 10:51:15	0.00	0.52	0.00	0.00	0.00	0.00	0.00	0.85	0.52	100.00	31.51	5.44	0	521	0	0	0	0	0	0	521	309.54	1.65	0.47	3.46	10.81	5.66	3.51	4.05	18.97	19.75
7/11/2023 10:51:18	0.00	0.49	0.00	0.00	0.00	0.00	0.00	0.83	0.49	100.00	32.68	5.39	0	487	0	0	0	0	0	0	487	309.20	1.59	0.49	3.34	10.48	5.56	3.26	4.17	18.97	19.79
7/11/2023 10:51:21	0.00	0.49	0.00	0.00	0.00	0.00	0.00	0.81	0.49	100.00	34.01	5.28	0	492	0	0	0	0	0	0	492	309.05	1.51	0.47	3.30	10.31	5.63	3.20	4.30	18.97	19.74
7/11/2023 10:51:24	0.00	0.48	0.00	0.00	0.00	0.00	0.00	0.80	0.48	100.00	35.06	5.29	0	479	0	0	0	0	0	0	479	308.46	1.45	0.43	3.34	10.08	5.51	3.26	4.40	18.97	19.75
7/11/2023 10:51:27	0.00	0.48	0.00	0.00	0.00	0.00	0.00	0.79	0.48	100.00	36.14	5.29	0	485	0	0	0	0	0	0	485	307.61	1.42	0.34	3.40	9.95	5.47	3.19	4.51	18.97	19.77
7/11/2023 10:51:30	0.00	0.48	0.00	0.00	0.00	0.00	0.00	0.79	0.48	100.00	37.27	5.20	0	476	0	0	0	0	0	0	476	307.07	1.48	0.39	3.37	9.92	5.43	3.15	4.62	18.97	19.74
7/11/2023 10:51:33	0.00	0.50	0.00	0.00	0.00	0.00	0.00	0.78	0.50	100.00	38.33	5.11	0	497	0	0	0	0	0	0	497	307.54	1.46	0.44	3.38	9.85	5.53	3.17	4.72	18.95	19.75
7/11/2023 10:51:36	0.00	0.46	0.00	0.00	0.00	0.00	0.00	0.78	0.46	100.00	39.54	5.04	0	460	0	0	0	0	0	0	460	308.57	1.37	0.37	3.30	9.81	5.43	3.07	4.84	18.92	19.71
7/11/2023 10:51:39	0.00	0.45	0.00	0.00	0.00	0.00	0.00	0.77	0.45	100.00	40.56	4.97	0	454	0	0	0	0	0	0	454	309.11	1.36	0.35	3.24	9.69	5.45	2.95	4.94	18.92	19.71
7/11/2023 10:51:42	0.00	0.49	0.00	0.00	0.00	0.00	0.00	0.77	0.49	100.00	41.54	4.89	0	491	0	0	0	0	0	0	491	306.96	1.39	0.39	3.37	9.74	5.50	3.06	5.04	18.88	19.67
7/11/2023 10:51:45	0.00	0.49	0.00	0.00	0.00	0.00	0.00	0.76	0.49	100.00	42.47	4.83	0	491	0	0	0	0	0	0	491	306.62	1.35	0.37	3.37	9.62	5.50	2.99	5.13	18.87	19.69
7/11/2023 10:51:48	0.00	0.48	0.00	0.00	0.00	0.00	0.00	0.76	0.48	100.00	43.45	4.83	0	479	0	0	0	0	0	0	479	305.77	1.30	0.35	3.39	9.59	5.41	2.94	5.22	18.84	19.67
7/11/2023 10:51:51	0.00	0.45	0.00	0.00	0.00	0.00	0.00	0.75	0.45	100.00	44.48	4.82	0	453	0	0	0	0	0	0	453	305.15	1.20	0.32	3.34	9.50	5.33	2.84	5.33	18.82	19.66
7/11/2023 10:51:54	0.00	0.47	0.00	0.00	0.00	0.00	0.00	0.75	0.47	100.00	45.57	4.83	0	466	0	0	0	0	0	0	466	305.05	1.37	0.32	3.35	9.56	5.36	2.85	5.43	18.76	19.61
7/11/2023 10:51:57	0.00	0.47	0.00	0.00	0.00	0.00	0.00	0.75	0.47	100.00	46.31	4.86	0	474	0	0	0	0	0	0	474	305.38	1.32	0.28	3.38	9.51	5.38	2.80	5.50	18.74	19.58
7/11/2023 10:52:00	0.00	0.50	0.00	0.00	0.00	0.00	0.00	0.74	0.50	100.00	46.00	4.86	0	501	0	0	0	0	0	0	501	305.52	1.34	0.18	3.47	9.49	5.42	2.69	5.47	18.71	19.55
7/11/2023 10:52:03	0.00	0.45	0.00	0.00	0.00	0.00	0.00	0.76	0.45	100.00	46.01	4.80	0	448	0	0	0	0	0	0	448	304.93	1.46	0.28	3.36	9.61	5.27	3.03	5.47	18.68	19.55
7/11/2023 10:52:06	0.00	0.42	0.00	0.00	0.00	0.00	0.00	0.76	0.42	100.00	45.97	4.84	0	421	0	0	0	0	0	0	421	304.74	1.08	0.42	3.26	9.62	5.26	2.86	5.47	18.63	19.53
7/11/2023 10:52:09	0.00	0.56	0.00	0.00	0.00	0.00	0.00	0.72	0.56	100.00	45.97	4.87	0	562	0	0	0	0	0	0	562	304.73	1.21	0.19	3.64	9.26	5.55	2.74	5.47	18.60	19.50
7/11/2023 10:52:12	0.00	0.43	0.00	0.00	0.00	0.00	0.00	0.76	0.43	100.00	45.96	4.91	0	426	0	0	0	0	0	0	426	304.62	1.09	0.41	3.25	9.65	5.31	2.88	5.47	18.56	19.53
7/11/2023 10:52:15	0.00	0.56	0.00	0.00	0.00	0.00	0.00	0.72	0.56	100.00	44.99	4.91	0	562	0	0	0	0	0	0	562	304.99	1.22	0.22	3.58	9.30	5.62	2.64	5.37	18.51	19.46
7/11/2023 10:52:18	0.00	0.56	0.00	0.00	0.00	0.00	0.00	0.73	0.56	100.00	43.19	4.88	0	560	0	0	0	0	0	0	560	304.89	1.28	0.20	3.59	9.29	5.58	2.68	5.20	18.46	19.40
7/11/2023 10:52:21	0.00	0.44	0.00	0.00	0.00	0.00	0.00	0.76	0.44	100.00	41.16	4.85	0	444	0	0	0	0	0	0	444	305.29	1.38	0.28	3.35	9.62	5.28	3.07	5.00	18.41	19.40
7/11/2023 10:52:24	0.00	0.53	0.00	0.00	0.00	0.00	0.00	0.75	0.53	100.00	39.33	4.93	0	531	0	0	0	0	0	0	531	308.07	1.34	0.27	3.43	9.55	5.65	2.87	4.82	18.36	19.37
7/11/2023 10:52:27	0.00	0.53	0.00	0.00	0.00	0.00	0.00	0.77	0.53	100.00	37.50	5.06	0	531	0	0	0	0	0	0	531	308.97	1.43	0.31	3.46	9.71	5.62	3.06	4.64	18.30	19.35
7/11/2023 10:52:30	0.00	0.52	0.00	0.00	0.00	0.00	0.00	0.77	0.52	100.00	35.63	5.14	0	523	0	0	0	0	0	0	523	308.29	1.46	0.35	3.42	9.79	5.62	3.02	4.46	18.25	19.34
7/11/2023 10:52:33	0.00	0.57	0.00	0.00	0.00	0.00	0.00	0.78	0.57	100.00	33.81	5.17	0	567	0	0	0	0	0	0	567	308.75	1.54	0.36	3.53	9.94	5.75	3.16	4.28	18.23	19.29
7/11/2023 10:52:36	0.00	0.59	0.00	0.00	0.00	0.00	0.00	0.80	0.59	100.00	31.76	5.24	0	591	0	0	0	0	0	0	591	310.01	1.61	0.28	3.61	10.08	5.81	3.30	4.08	18.17	19.26
7/11/2023 10:52:39	0.00	0.62	0.00	0.00	0.00	0.00	0.00	0.83	0.62	100.00	29.91	5.35	0	617	0	0	0	0	0	0	617	310.42	1.69	0.34	3.63	10.44	5.97	3.52	3.90	18.14	19.19
7/11/2023 10:52:42	0.00	0.61	0.00	0.00	0.00	0.00	0.00	0.84	0.61	100.00	28.03	5.47	0	610	0	0	0	0	0	0	610	310.51	1.70	0.38	3.71	10.72	5.84	3.37	3.71	18.09	19.17
7/11/2023 10:52:45	0.00	0.65	0.00	0.00	0.00	0.00	0.00	0.88	0.65	100.00	26.19	5.74	0	649	0	0	0	0	0	0	649	311.08	1.84	0.30	3.81	11.28	5.99	3.51	3.53	18.05	19.17
7/11/2023 10:52:48	0.00	0.67	0.00	0.00	0.00	0.00	0.00	0.97	0.67	100.00	24.35	6.15	0	666	0	0	0	0	0	0	666	311.30	1.98	0.42	3.85	12.49	6.14	3.75	3.35	17.99	19.11
7/11/2023 10:52:51	0.00	0.68	0.00	0.00	0.00	0.00	0.00	1.07	0.68	100.00	22.29	6.57	0	684	0	0	0	0	0	0	684	311.16	2.29	0.55	3.94	13.83	6.22	4.15	3.15	17.94	19.09
7/11/2023 10:52:54	0.00	0.72	0.00	0.00	0.00	0.00	0.00	1.15	0.72	100.00	20.44	7.17	0	721	0	0	0	0	0	0	721	310.82	2.74	0.63	4.04	14.75	6.40	4.99	2.97	17.88	19.05
7/11/2023 10:52:57	0.00	0.76	0.00	0.00	0.00	0.00	0.00	1.10	0.76	100.00	18.57	8.14	0	759	0	0	0	0	0	0	759	310.73	2.65	0.59	4.14	13.91	6.44	4.95	2.79	17.83	19.03
7/11/2023 10:53:00	0.00	0.75	0.00	0.05	0.00	0.00	0.00	1.02	0.80	100.00	16.69	9.21	0	749	0	2	0	0	0	0	751	310.21	2.78	0.69	4.08	12.79	6.53	5.13	2.60	17.79	19.03
7/11/2023 10:53:02	0.00	0.65	0.00	0.26	0.00	0.00	0.00	0.98	0.91	100.00	14.85	10.35	0	652	0	8	0	0	0	0	660	310.29	3.02	0.79	4.13	12.48	6.72	5.42	2.42	17.77	18.98
7/11/2023 10:53:06	0.00	0.50	0.00	0.73	0.00	0.00	0.00	1.02	1.23	100.00	12.81	13.22	0	499	0	22	0	0	0	0	521	310.11	4.30	0.98	4.46	13.71	7.33	6.62	2.22	17.74	18.92
7/11/2023 10:53:09	0.00	0.01	0.00	2.06	0.00	0.00	0.00	1.15	2.06	100.00	10.93	15.64	0	6	0	62	0	0	0	0	67	308.64	7.09	1.71	5.20	17.18	9.22	10.69	2.04	17.68	18.88
7/11/2023 10:53:12	0.00	0.00	2.56	2.60	0.00	0.00	0.00	1.37	5.17	100.00	9.07	17.68	0	0	1154	78	0	0	0	0	1232	307.68	12.63	2.88	7.58	25.36	12.22	19.98	1.85	17.68	18.82
7/11/2023 10:53:14	0.00	0.00	6.62	2.95	0.00	0.00	0.00	1.30	9.56	100.00	7.22	20.16	0	0	2977	88	0	0	0	0	3065	306.56	18.51	4.33	9.77	32.23	16.14	31.65	1.67	17.68	18.87
7/11/2023 10:53:17	4.06	0.00	6.37	1.81	0.00	0.00	0.00	1.07	12.24	100.00	5.48	22.02	2150	0	2868	54	0	0	0	0	5071	304.15	16.75	3.78	10.54	33.14	14.89	35.02	1.50	17.68	18.77
7/11/2023 10:53:21	2.10	0.00	9.25	1.53	0.00	0.00	0.00	0.39	12.88	100.00	3.43	22.34	1111	0	4164	46	0	0	0	0	5322	304.39	18.49	1.94	9.37	26.29	15.83	34.10	1.30	17.68	18.74
7/11/2023 10:53:24	0.00	0.76	5.94	1.47	0.00	0.00	0.00	0.88	8.16	100.00	1.59	22.72	0	761	2671	44	0	0	0	0	3476	305.44	16.14	3.28	10.42	24.20	12.04	22.48	1.12	17.71	18.77
7/11/2023 10:53:26	0.00	0.77	0.00	0.00	0.00	0.00	0.00	1.77	0.77	100.00	0.28	23.29	0	769	0	0	0	0	0	0	769	284.57	7.11	-0.63	4.39	23.48	6.63	5.75	0.99	17.71	18.69
7/11/2023 10:53:29	3.86	0.00	0.00	0.00	0.00	0.00	0.00	1.21	3.86	100.00	0.28	23.53	2045	0	0	0	0	0	0	0	2045	308.76	-0.38	1.74	6.76	20.82	3.64	14.75	0.99	17.74	18.66
7/11/2023 10:53:32	0.99	0.29	5.39	0.00	0.00	0.00	0.00	0.00	6.68	100.00	0.28	23.44	526	295	2425	0	0	0	0	0	3246	308.03	8.28	1.34	9.11	8.74	5.38	17.12	0.99	17.76	18.66
7/11/2023 10:53:35	7.64	0.00	0.00	0.00	0.00	0.00	0.00	0.45	7.64	100.00	0.28	23.26	4051	0	0	0	0	0	0	0	4051	301.93	2.28	0.88	10.40	16.58	-1.90	18.76	0.99	17.78	18.58
7/11/2023 10:53:38	0.24	0.60	1.86	0.00	0.00	0.00	0.00	1.18	2.70	100.00	0.28	23.35	127	600	838	0	0	0	0	0	1565	310.21	5.38	1.01	5.75	18.09	6.70	12.00	0.99	17.80	18.61
7/11/2023 10:53:41	7.75	0.00	1.49	0.00	0.00	0.00	0.00	0.41	9.24	100.00	0.29	23.22	4108	0	671	0	0	0	0	0	4779	301.19	5.87	0.91	9.48	18.85	4.95	21.54	0.99	17.82	18.58
7/11/2023 10:53:44	0.00	1.79	0.00	0.00	0.00	0.00	0.00	0.00	1.79	90.63	-0.12	22.55	0	1794	0	0	0	0	0	0	1794	229.87	0.51	0.70	4.87	-5.12	11.18	-2.39	0.95	17.84	18.55
7/11/2023 10:53:47	0.00	2.00	0.00	0.00	0.00	0.00	0.00	0.00	2.00	96.38	-0.12	21.86	0	2003	0	0	0	0	0	0	2003	244.43	-2.93	-0.43	14.11	-3.28	1.71	-3.05	0.95	17.86	18.55
7/11/2023 10:53:50	0.00	0.99	0.00	0.00	0.00	0.00	0.00	0.00	0.99	92.78	-0.11	21.26	0	995	0	0	0	0	0	0	995	235.31	0.28	-5.09	3.93	0.83	7.60	-8.39	0.96	17.89	18.48
7/11/2023 10:53:53	1.12	2.32	0.00	0.00	0.00	0.00	0.00	0.15	3.44	93.58	-0.10	20.77	595	2316	0	0	0	0	0	0	2911	237.35	-5.01	-8.36	14.34	5.33	5.55	3.11	0.96	17.91	18.50
7/11/2023 10:53:56	1.67	0.18	0.00	0.00	0.00	0.00	0.00	0.00	1.85	73.37	-0.09	20.33	887	181	0	0	0	0	0	0	1067	186.11	-11.40	6.24	4.97	0.64	4.31	5.37	0.96	17.94	18.51
7/11/2023 10:53:59	0.00	0.00	0.00	0.00	0.00	0.00	0.00	0.76	0.00	35.99	-0.09	19.96	0	0	0	0	0	0	0	0	0	91.34	-1.35	-1.77	6.21	10.58	-2.59	2.32	0.96	17.95	18.47
7/11/2023 10:54:02	0.00	0.00	0.00	0.00	0.00	0.00	0.00	0.00	0.00	61.07	-0.10	19.68	0	0	0	0	0	0	0	0	0	154.91	-10.37	-10.24	0.25	-5.30	-6.46	3.82	0.96	17.99	18.50
7/11/2023 10:54:05	0.00	0.00	0.00	0.00	0.00	0.00	0.00	0.00	0.00	61.23	-0.10	19.34	0	0	0	0	0	0	0	0	0	155.32	-10.58	-5.14	5.48	-2.88	-0.84	-6.29	0.96	18.00	18.47
7/11/2023 10:54:08	0.00	2.84	0.00	0.00	0.00	0.00	0.00	0.00	2.84	68.03	-0.10	19.09	0	2837	0	0	0	0	0	0	2837	172.55	-1.58	4.88	19.40	-10.36	0.20	6.00	0.96	18.04	18.48
7/11/2023 10:54:11	0.00	1.10	0.00	0.00	0.00	0.00	0.00	1.98	1.10	45.18	-0.10	18.87	0	1098	0	0	0	0	0	0	1098	114.63	-8.40	-5.25	7.08	28.82	9.33	6.91	0.96	18.06	18.47
