Date/Time	Green Algae	Bluegreen	Diatoms	Cryptophyta	#5	#6	#7	Yellow substances	Total conc.	Transmission	Depth	Temp. Sample	Green Algae	Bluegreen	Diatoms	Cryptophyta	#5	#6	#7	Yellow substances	Total cell count	Trans. 700 nm	LED 3 [525 nm]	LED 4 [570 nm]	LED 5 [610 nm]	LED 6 [370 nm]	LED 7 [590 nm]	LED 8 [470 nm]	Pressure	Temp. LEDs	Temp. Sensor
date	µg/l	µg/l	µg/l	µg/l	µg/l	µg/l	µg/l	r.u.	µg/l	%	m	°C	cells/ml	cells/ml	cells/ml	cells/ml	cells/ml	cells/ml	cells/ml	r.u.	cells/ml	digits	digits	digits	digits	digits	digits	digits	bar	°C	°C
7/25/2023 11:15:59	2.95	0.26	0.66	0.00	0.00	0.00	0.00	1.08	3.87	100.00	0.00	24.31	1564	259	296	0	0	0	0	0	2119	297.07	3.88	5.20	6.57	18.74	4.23	13.61	1.01	25.05	25.01
7/25/2023 11:16:03	1.24	1.66	0.00	1.55	0.00	0.00	0.00	0.00	4.45	100.00	0.01	24.33	657	1663	0	47	0	0	0	0	2366	307.89	3.87	2.94	9.63	3.29	10.92	6.74	1.01	25.15	25.12
7/25/2023 11:16:06	0.00	0.00	0.00	5.10	0.00	0.00	0.00	0.53	5.10	100.00	0.01	24.31	0	0	0	153	0	0	0	0	153	298.68	18.23	4.76	9.91	15.38	12.31	10.44	1.01	25.19	25.07
7/25/2023 11:16:09	0.00	0.00	2.30	0.00	0.00	0.00	0.00	1.46	2.30	100.00	-0.00	24.31	0	0	1035	0	0	0	0	0	1035	302.93	9.22	3.88	-0.77	21.60	3.93	14.03	1.01	25.27	25.06
7/25/2023 11:16:12	4.13	0.00	0.00	1.54	0.00	0.00	0.00	0.44	5.66	100.00	0.00	24.31	2187	0	0	46	0	0	0	0	2233	298.81	3.27	6.85	4.81	13.60	9.66	14.32	1.01	25.31	25.12
7/25/2023 11:16:14	0.87	0.00	0.00	0.00	0.00	0.00	0.00	0.97	0.87	100.00	-0.03	24.34	463	0	0	0	0	0	0	0	463	305.12	-1.32	-2.09	5.75	13.05	-3.86	8.99	1.01	25.39	25.17
7/25/2023 11:16:18	3.41	0.80	0.00	0.00	0.00	0.00	0.00	0.36	4.21	88.24	-0.14	24.34	1809	796	0	0	0	0	0	0	2604	223.80	1.60	-3.53	9.46	9.65	3.90	8.58	1.00	25.41	25.15
7/25/2023 11:16:21	0.00	0.00	4.31	0.75	0.00	0.00	0.00	0.00	5.06	100.00	-0.13	24.36	0	0	1939	22	0	0	0	0	1962	304.09	10.39	1.89	5.14	7.12	7.05	12.15	1.00	25.46	25.19
7/25/2023 11:16:24	0.76	0.86	0.00	0.00	0.00	0.00	0.00	0.83	1.61	69.80	-0.16	24.36	401	858	0	0	0	0	0	0	1259	177.06	-3.36	1.48	4.19	11.88	8.37	6.26	1.00	25.52	25.20
7/25/2023 11:16:26	0.00	0.22	2.56	1.11	0.00	0.00	0.00	0.00	3.89	75.63	-0.18	24.35	0	215	1153	33	0	0	0	0	1401	191.82	5.59	7.16	7.11	5.98	5.25	8.88	0.99	25.57	25.22
7/25/2023 11:16:29	0.00	0.00	4.31	0.00	0.00	0.00	0.00	0.00	4.31	80.43	-0.18	24.35	0	0	1938	0	0	0	0	0	1938	203.99	8.20	-1.28	-2.05	4.48	4.53	13.57	0.99	25.63	25.25
7/25/2023 11:16:33	0.92	0.00	0.00	0.00	0.00	0.00	0.00	1.23	0.92	92.61	-0.18	24.34	486	0	0	0	0	0	0	0	486	234.89	-1.14	0.45	3.63	16.17	-1.18	10.59	0.99	25.65	25.19
7/25/2023 11:16:35	4.68	0.45	0.00	0.00	0.00	0.00	0.00	0.00	5.12	70.94	-0.17	24.32	2479	446	0	0	0	0	0	0	2925	179.95	-0.67	-2.47	8.34	4.83	4.84	10.52	0.99	25.70	25.22
7/25/2023 11:16:38	0.00	0.62	3.80	1.70	0.00	0.00	0.00	0.00	6.12	100.00	-0.16	24.34	0	620	1710	51	0	0	0	0	2381	286.90	15.67	5.70	11.38	7.30	5.85	11.46	1.00	25.73	25.23
7/25/2023 11:16:41	0.00	0.76	0.00	2.81	0.00	0.00	0.00	0.81	3.57	100.00	-0.14	24.32	0	761	0	84	0	0	0	0	845	290.49	17.68	-2.64	6.49	16.62	12.96	3.24	1.00	25.76	25.33
7/25/2023 11:16:44	0.00	2.46	0.00	0.00	0.00	0.00	0.00	1.28	2.46	100.00	-0.07	24.31	0	2457	0	0	0	0	0	0	2457	300.47	-0.78	5.26	7.14	18.78	12.31	4.15	1.00	25.79	25.22
7/25/2023 11:16:47	5.35	0.00	0.00	0.00	0.00	0.00	0.00	0.00	5.35	100.00	-0.04	24.28	2835	0	0	0	0	0	0	0	2835	299.60	-0.65	0.45	0.69	3.48	7.44	14.20	1.01	25.85	25.31
7/25/2023 11:16:50	7.43	0.00	1.69	0.00	0.00	0.00	0.00	0.00	9.12	100.00	-0.02	24.28	3940	0	761	0	0	0	0	0	4701	301.39	5.42	-4.70	6.47	12.99	9.17	19.21	1.01	25.87	25.31
7/25/2023 11:16:53	6.20	0.00	0.00	0.62	0.00	0.00	0.00	0.17	6.82	100.00	0.03	24.25	3285	0	0	19	0	0	0	0	3304	306.89	2.79	6.70	6.59	11.89	6.03	14.47	1.01	25.93	25.28
7/25/2023 11:16:56	1.27	0.24	0.00	0.25	0.00	0.00	0.00	1.21	1.77	100.00	0.30	24.19	676	244	0	8	0	0	0	0	927	304.23	3.22	-5.05	2.02	16.61	10.11	9.96	1.04	25.96	25.33
7/25/2023 11:16:59	0.00	0.00	2.63	2.47	0.00	0.00	0.00	0.52	5.10	100.00	1.23	24.03	0	0	1183	74	0	0	0	0	1257	305.61	11.23	0.45	3.83	14.47	13.38	15.04	1.13	26.00	25.33
7/25/2023 11:17:02	0.00	0.21	5.11	0.00	0.00	0.00	0.00	0.81	5.32	100.00	2.38	23.87	0	206	2300	0	0	0	0	0	2506	305.48	9.39	1.10	7.12	18.82	6.58	17.78	1.24	26.01	25.31
7/25/2023 11:17:05	0.87	0.00	5.91	0.65	0.00	0.00	0.00	0.58	7.43	100.00	3.24	23.79	463	0	2660	19	0	0	0	0	3143	301.99	11.53	1.61	6.63	19.45	10.22	21.80	1.33	26.06	25.39
7/25/2023 11:17:08	1.44	0.00	5.19	0.88	0.00	0.00	0.00	0.61	7.51	100.00	4.06	23.72	765	0	2337	26	0	0	0	0	3128	301.99	11.13	2.18	6.70	19.84	10.47	21.86	1.41	26.08	25.39
7/25/2023 11:17:11	3.39	0.07	5.13	0.53	0.00	0.00	0.00	0.47	9.11	100.00	5.27	23.58	1796	71	2307	16	0	0	0	0	4189	302.00	10.78	2.58	7.98	20.39	10.05	23.78	1.53	26.10	25.39
7/25/2023 11:17:14	2.30	0.25	5.56	0.22	0.00	0.00	0.00	0.67	8.32	100.00	6.17	23.45	1220	250	2500	7	0	0	0	0	3976	302.21	10.94	1.78	7.65	21.53	10.01	23.20	1.62	26.12	25.36
7/25/2023 11:17:17	1.83	0.22	5.63	0.34	0.00	0.00	0.00	0.59	8.01	100.00	7.38	23.43	968	218	2532	10	0	0	0	0	3728	302.46	10.93	2.14	7.59	20.23	9.79	22.28	1.73	26.16	25.48
7/25/2023 11:17:20	2.11	0.21	5.07	0.39	0.00	0.00	0.00	0.64	7.78	100.00	8.27	23.34	1117	215	2281	12	0	0	0	0	3624	302.52	10.40	1.85	7.40	20.26	9.86	21.76	1.82	26.20	25.48
7/25/2023 11:17:23	1.57	0.16	4.68	0.76	0.00	0.00	0.00	0.86	7.17	100.00	9.03	22.76	829	163	2106	23	0	0	0	0	3121	302.43	10.78	2.23	7.39	22.08	10.21	21.84	1.90	26.20	25.46
7/25/2023 11:17:26	0.00	0.25	2.59	1.20	0.00	0.00	0.00	1.33	4.03	100.00	9.84	19.52	0	246	1164	36	0	0	0	0	1446	304.29	9.38	1.88	6.36	22.74	9.65	16.86	1.97	26.22	25.44
7/25/2023 11:17:29	0.00	0.35	0.87	0.76	0.00	0.00	0.00	1.36	1.97	100.00	10.76	16.01	0	347	390	23	0	0	0	0	760	307.04	6.39	1.37	5.17	19.41	7.44	11.22	2.07	26.22	25.48
7/25/2023 11:17:32	0.00	0.31	0.28	0.75	0.00	0.00	0.00	1.12	1.34	100.00	11.82	14.55	0	308	126	23	0	0	0	0	456	307.35	4.68	1.02	4.49	15.32	6.95	8.43	2.17	26.24	25.49
7/25/2023 11:17:35	0.00	0.21	0.16	0.80	0.00	0.00	0.00	1.12	1.16	100.00	12.74	13.85	0	209	70	24	0	0	0	0	303	307.42	4.62	0.96	4.22	15.09	6.72	8.13	2.26	26.23	25.52
7/25/2023 11:17:38	0.00	0.10	0.00	0.91	0.00	0.00	0.00	1.10	1.02	100.00	13.77	12.98	0	103	0	27	0	0	0	0	130	307.72	4.64	0.91	3.96	14.70	6.67	7.75	2.36	26.22	25.49
7/25/2023 11:17:41	0.00	0.16	0.10	0.77	0.00	0.00	0.00	1.04	1.03	100.00	14.79	11.94	0	160	46	23	0	0	0	0	229	306.93	4.34	0.99	4.03	13.94	6.36	7.41	2.46	26.21	25.52
7/25/2023 11:17:44	0.00	0.08	0.41	0.68	0.00	0.00	0.00	0.92	1.18	100.00	15.88	10.96	0	79	186	20	0	0	0	0	286	307.45	4.37	0.83	3.82	12.81	6.10	7.28	2.57	26.20	25.56
7/25/2023 11:17:47	0.00	0.12	0.58	0.60	0.00	0.00	0.00	0.80	1.29	100.00	16.92	9.98	0	116	260	18	0	0	0	0	393	307.33	4.16	0.69	3.81	11.45	6.06	6.83	2.67	26.17	25.49
7/25/2023 11:17:50	0.00	0.00	0.10	0.86	0.00	0.00	0.00	0.76	0.96	100.00	17.82	9.03	0	0	46	26	0	0	0	0	72	308.45	3.71	0.76	3.51	10.44	6.10	6.00	2.76	26.15	25.52
7/25/2023 11:17:53	0.00	0.03	0.08	0.74	0.00	0.00	0.00	0.74	0.85	100.00	18.37	8.44	0	31	34	22	0	0	0	0	87	308.00	3.28	0.75	3.42	9.92	5.87	5.60	2.81	26.10	25.57
7/25/2023 11:17:56	0.00	0.03	0.02	0.74	0.00	0.00	0.00	0.73	0.79	100.00	19.42	8.08	0	30	10	22	0	0	0	0	62	308.52	3.10	0.75	3.36	9.72	5.85	5.45	2.91	26.06	25.51
7/25/2023 11:17:59	0.00	0.07	0.00	0.67	0.00	0.00	0.00	0.74	0.74	100.00	20.05	7.91	0	69	0	20	0	0	0	0	89	308.34	3.03	0.73	3.35	9.77	5.79	5.25	2.97	26.03	25.59
7/25/2023 11:18:02	0.00	0.03	0.03	0.73	0.00	0.00	0.00	0.74	0.79	100.00	20.44	8.04	0	29	14	22	0	0	0	0	65	308.56	3.07	0.74	3.35	9.84	5.87	5.55	3.01	25.99	25.54
7/25/2023 11:18:05	0.00	0.07	0.00	0.72	0.00	0.00	0.00	0.74	0.79	100.00	20.88	7.90	0	68	0	22	0	0	0	0	90	308.14	3.10	0.63	3.39	9.87	5.97	5.44	3.06	25.94	25.54
7/25/2023 11:18:08	0.00	0.09	0.02	0.73	0.00	0.00	0.00	0.74	0.83	100.00	22.03	7.46	0	87	9	22	0	0	0	0	118	308.70	3.18	0.69	3.50	9.93	5.99	5.50	3.17	25.90	25.57
7/25/2023 11:18:10	0.00	0.14	0.00	0.69	0.00	0.00	0.00	0.76	0.83	100.00	23.31	7.26	0	144	0	21	0	0	0	0	165	308.08	3.07	0.75	3.53	10.01	6.08	5.40	3.29	25.84	25.57
7/25/2023 11:18:13	0.00	0.18	0.00	0.63	0.00	0.00	0.00	0.76	0.81	100.00	24.32	7.00	0	177	0	19	0	0	0	0	196	308.18	3.01	0.63	3.54	9.99	6.05	5.30	3.39	25.80	25.64
7/25/2023 11:18:17	0.00	0.20	0.00	0.62	0.00	0.00	0.00	0.78	0.82	100.00	25.34	6.77	0	200	0	19	0	0	0	0	219	308.15	3.05	0.65	3.59	10.28	6.09	5.39	3.49	25.74	25.60
7/25/2023 11:18:19	0.00	0.20	0.00	0.58	0.00	0.00	0.00	0.77	0.78	100.00	26.21	6.74	0	204	0	17	0	0	0	0	222	308.35	2.93	0.68	3.55	10.07	5.97	5.23	3.58	25.69	25.56
7/25/2023 11:18:22	0.00	0.18	0.00	0.61	0.00	0.00	0.00	0.76	0.79	100.00	26.84	6.64	0	177	0	18	0	0	0	0	196	308.68	2.98	0.61	3.53	9.95	5.99	5.25	3.64	25.64	25.54
7/25/2023 11:18:25	0.00	0.20	0.00	0.53	0.00	0.00	0.00	0.75	0.73	100.00	27.51	6.44	0	200	0	16	0	0	0	0	216	308.15	2.78	0.59	3.45	9.69	5.87	4.98	3.71	25.56	25.49
7/25/2023 11:18:28	0.00	0.23	0.00	0.44	0.00	0.00	0.00	0.75	0.67	100.00	28.66	6.24	0	234	0	13	0	0	0	0	248	307.65	2.64	0.52	3.41	9.61	5.75	4.76	3.82	25.49	25.51
7/25/2023 11:18:31	0.00	0.22	0.00	0.45	0.00	0.00	0.00	0.73	0.68	100.00	30.12	6.02	0	223	0	14	0	0	0	0	237	307.85	2.50	0.53	3.30	9.38	5.88	4.69	3.96	25.43	25.51
7/25/2023 11:18:34	0.00	0.30	0.00	0.32	0.00	0.00	0.00	0.73	0.62	100.00	31.36	5.77	0	296	0	10	0	0	0	0	305	307.44	2.35	0.49	3.37	9.15	5.63	4.33	4.08	25.33	25.51
7/25/2023 11:18:37	0.00	0.34	0.00	0.18	0.00	0.00	0.00	0.72	0.53	100.00	32.12	5.64	0	344	0	5	0	0	0	0	350	306.98	2.05	0.43	3.26	8.94	5.46	3.96	4.16	25.27	25.48
7/25/2023 11:18:40	0.00	0.39	0.00	0.11	0.00	0.00	0.00	0.71	0.50	100.00	33.30	5.56	0	390	0	3	0	0	0	0	394	307.48	1.88	0.50	3.28	8.67	5.37	3.69	4.27	25.18	25.48
7/25/2023 11:18:43	0.00	0.39	0.00	0.06	0.00	0.00	0.00	0.72	0.45	100.00	34.29	5.53	0	392	0	2	0	0	0	0	394	306.89	1.79	0.36	3.21	8.66	5.30	3.64	4.37	25.12	25.46
7/25/2023 11:18:46	0.00	0.39	0.00	0.05	0.00	0.00	0.00	0.72	0.45	100.00	35.18	5.51	0	394	0	2	0	0	0	0	395	306.38	1.75	0.36	3.17	8.70	5.34	3.63	4.46	25.00	25.38
7/25/2023 11:18:49	0.00	0.39	0.00	0.07	0.00	0.00	0.00	0.71	0.46	100.00	36.24	5.44	0	390	0	2	0	0	0	0	393	306.15	1.75	0.34	3.19	8.64	5.36	3.66	4.56	24.92	25.35
7/25/2023 11:18:52	0.00	0.40	0.00	0.05	0.00	0.00	0.00	0.71	0.45	100.00	36.55	5.42	0	401	0	2	0	0	0	0	403	306.45	1.73	0.32	3.21	8.59	5.32	3.62	4.59	24.82	25.38
7/25/2023 11:18:55	0.00	0.45	0.00	0.00	0.00	0.00	0.00	0.72	0.45	100.00	37.33	5.40	0	447	0	0	0	0	0	0	447	306.41	1.73	0.29	3.20	8.63	5.37	3.40	4.67	24.73	25.31
7/25/2023 11:18:58	0.00	0.44	0.00	0.02	0.00	0.00	0.00	0.72	0.45	100.00	38.24	5.33	0	436	0	0	0	0	0	0	436	306.82	1.74	0.33	3.20	8.67	5.38	3.48	4.76	24.65	25.31
7/25/2023 11:19:01	0.00	0.41	0.00	0.08	0.00	0.00	0.00	0.71	0.48	100.00	39.23	5.28	0	408	0	2	0	0	0	0	410	306.89	1.84	0.36	3.24	8.61	5.40	3.58	4.86	24.54	25.27
7/25/2023 11:19:04	0.00	0.39	0.00	0.06	0.00	0.00	0.00	0.71	0.45	100.00	40.13	5.21	0	392	0	2	0	0	0	0	393	306.18	1.79	0.39	3.16	8.59	5.33	3.53	4.94	24.45	25.20
7/25/2023 11:19:07	0.00	0.43	0.00	0.02	0.00	0.00	0.00	0.72	0.45	100.00	40.91	5.15	0	432	0	0	0	0	0	0	432	306.44	1.80	0.30	3.22	8.69	5.33	3.48	5.02	24.34	25.19
7/25/2023 11:19:10	0.00	0.46	0.00	0.00	0.00	0.00	0.00	0.73	0.46	100.00	41.53	5.14	0	458	0	0	0	0	0	0	458	306.29	1.75	0.27	3.26	8.77	5.38	3.53	5.08	24.22	25.14
7/25/2023 11:19:13	0.00	0.40	0.00	0.11	0.00	0.00	0.00	0.71	0.51	100.00	42.38	5.13	0	404	0	3	0	0	0	0	408	306.00	1.92	0.40	3.27	8.70	5.45	3.65	5.16	24.14	25.14
7/25/2023 11:19:16	0.00	0.49	0.00	0.02	0.00	0.00	0.00	0.71	0.50	100.00	43.32	5.06	0	486	0	1	0	0	0	0	487	305.03	1.73	0.37	3.34	8.63	5.49	3.49	5.26	24.00	25.04
7/25/2023 11:19:19	0.00	0.50	0.00	0.00	0.00	0.00	0.00	0.72	0.50	100.00	44.07	4.98	0	497	0	0	0	0	0	0	497	304.37	1.69	0.31	3.35	8.77	5.48	3.39	5.33	23.90	24.99
7/25/2023 11:19:22	0.00	0.48	0.00	0.00	0.00	0.00	0.00	0.72	0.48	100.00	45.14	4.93	0	476	0	0	0	0	0	0	476	303.62	1.72	0.32	3.31	8.69	5.43	3.51	5.43	23.78	24.96
7/25/2023 11:19:25	0.00	0.50	0.00	0.00	0.00	0.00	0.00	0.72	0.50	100.00	45.48	4.94	0	499	0	0	0	0	0	0	499	303.16	1.67	0.30	3.35	8.70	5.51	3.47	5.47	23.68	24.96
7/25/2023 11:19:28	0.00	0.48	0.00	0.02	0.00	0.00	0.00	0.72	0.50	100.00	45.51	4.98	0	482	0	1	0	0	0	0	483	303.20	1.78	0.37	3.32	8.73	5.49	3.48	5.47	23.60	24.86
7/25/2023 11:19:31	0.00	0.50	0.00	0.00	0.00	0.00	0.00	0.72	0.50	100.00	45.49	4.97	0	500	0	0	0	0	0	0	500	303.30	1.69	0.36	3.33	8.77	5.52	3.45	5.47	23.46	24.80
7/25/2023 11:19:34	0.00	0.50	0.00	0.00	0.00	0.00	0.00	0.73	0.50	100.00	45.49	5.00	0	496	0	0	0	0	0	0	496	303.09	1.68	0.39	3.31	8.86	5.53	3.51	5.47	23.36	24.80
7/25/2023 11:19:37	0.00	0.49	0.00	0.00	0.00	0.00	0.00	0.72	0.49	100.00	45.49	5.04	0	494	0	0	0	0	0	0	494	303.14	1.68	0.37	3.34	8.75	5.48	3.52	5.47	23.26	24.69
7/25/2023 11:19:40	0.00	0.51	0.00	0.00	0.00	0.00	0.00	0.74	0.51	100.00	45.29	5.08	0	510	0	0	0	0	0	0	510	303.55	1.66	0.38	3.37	8.96	5.55	3.48	5.45	23.12	24.67
7/25/2023 11:19:43	0.00	0.53	0.00	0.00	0.00	0.00	0.00	0.72	0.53	100.00	43.65	5.08	0	530	0	0	0	0	0	0	530	302.96	1.67	0.36	3.48	8.80	5.51	3.44	5.29	23.03	24.65
7/25/2023 11:19:46	0.00	0.51	0.00	0.00	0.00	0.00	0.00	0.74	0.51	100.00	41.73	5.07	0	509	0	0	0	0	0	0	509	304.10	1.74	0.37	3.37	8.98	5.54	3.46	5.10	22.90	24.56
7/25/2023 11:19:49	0.00	0.53	0.00	0.00	0.00	0.00	0.00	0.73	0.53	100.00	39.96	5.16	0	531	0	0	0	0	0	0	531	304.96	1.83	0.39	3.41	8.87	5.59	3.47	4.93	22.80	24.52
7/25/2023 11:19:52	0.00	0.52	0.00	0.01	0.00	0.00	0.00	0.74	0.54	100.00	38.18	5.24	0	524	0	0	0	0	0	0	525	305.37	1.79	0.46	3.41	8.95	5.60	3.55	4.75	22.70	24.46
7/25/2023 11:19:54	0.00	0.50	0.00	0.01	0.00	0.00	0.00	0.74	0.51	100.00	36.41	5.31	0	496	0	0	0	0	0	0	496	304.97	1.82	0.42	3.37	8.97	5.49	3.58	4.58	22.58	24.41
7/25/2023 11:19:57	0.00	0.55	0.00	0.00	0.00	0.00	0.00	0.74	0.55	100.00	34.66	5.40	0	550	0	0	0	0	0	0	550	304.54	1.81	0.38	3.43	9.05	5.70	3.55	4.41	22.48	24.35
7/25/2023 11:20:01	0.00	0.55	0.00	0.00	0.00	0.00	0.00	0.76	0.56	100.00	32.68	5.46	0	554	0	0	0	0	0	0	554	304.75	1.90	0.44	3.49	9.21	5.65	3.62	4.21	22.34	24.32
7/25/2023 11:20:04	0.00	0.56	0.00	0.07	0.00	0.00	0.00	0.75	0.63	100.00	30.86	5.51	0	555	0	2	0	0	0	0	557	304.87	2.02	0.55	3.59	9.22	5.79	3.72	4.04	22.23	24.23
7/25/2023 11:20:06	0.00	0.50	0.00	0.21	0.00	0.00	0.00	0.76	0.71	100.00	29.02	5.74	0	497	0	6	0	0	0	0	503	305.04	2.30	0.54	3.65	9.53	5.98	4.16	3.85	22.14	24.15
7/25/2023 11:20:09	0.00	0.43	0.00	0.40	0.00	0.00	0.00	0.77	0.83	100.00	27.23	6.01	0	432	0	12	0	0	0	0	444	304.96	2.58	0.65	3.76	9.90	6.27	4.74	3.68	22.03	24.15
7/25/2023 11:20:12	0.00	0.41	0.00	0.46	0.00	0.00	0.00	0.78	0.87	100.00	25.45	6.31	0	412	0	14	0	0	0	0	426	304.81	2.87	0.71	3.86	10.12	6.26	4.88	3.50	21.93	24.07
7/25/2023 11:20:15	0.00	0.37	0.00	0.63	0.00	0.00	0.00	0.80	0.99	100.00	23.46	6.62	0	367	0	19	0	0	0	0	386	304.71	3.24	0.85	3.99	10.64	6.53	5.40	3.31	21.82	23.99
7/25/2023 11:20:18	0.00	0.39	0.00	0.60	0.00	0.00	0.00	0.80	0.99	100.00	21.66	6.91	0	387	0	18	0	0	0	0	405	304.83	3.10	0.79	4.02	10.61	6.56	5.47	3.13	21.72	23.98
7/25/2023 11:20:21	0.00	0.33	0.00	0.72	0.00	0.00	0.00	0.79	1.04	100.00	19.84	7.25	0	326	0	22	0	0	0	0	348	304.64	3.41	0.87	3.96	10.68	6.70	5.53	2.95	21.61	23.93
7/25/2023 11:20:24	0.00	0.36	0.00	0.67	0.00	0.00	0.00	0.78	1.03	100.00	18.02	7.58	0	363	0	20	0	0	0	0	384	304.27	3.24	0.88	4.01	10.45	6.65	5.40	2.78	21.52	23.88
7/25/2023 11:20:27	0.00	0.33	0.00	0.77	0.00	0.00	0.00	0.78	1.11	100.00	16.20	8.17	0	333	0	23	0	0	0	0	356	304.48	3.44	0.93	4.18	10.57	6.70	5.73	2.60	21.45	23.82
7/25/2023 11:20:30	0.00	0.25	0.05	1.03	0.00	0.00	0.00	0.87	1.34	100.00	14.18	9.64	0	252	23	31	0	0	0	0	306	304.20	4.21	1.16	4.45	12.18	7.14	7.07	2.40	21.35	23.67
7/25/2023 11:20:33	0.00	0.47	0.00	0.91	0.00	0.00	0.00	1.03	1.38	100.00	12.31	11.35	0	473	0	27	0	0	0	0	500	303.63	4.53	1.28	4.85	14.10	7.47	7.37	2.22	21.25	23.64
7/25/2023 11:20:36	0.00	0.44	0.00	0.89	0.00	0.00	0.00	1.14	1.33	100.00	10.49	12.91	0	444	0	27	0	0	0	0	471	302.48	4.88	1.03	4.75	15.39	7.52	7.85	2.04	21.18	23.64
7/25/2023 11:20:39	0.00	0.41	0.45	1.30	0.00	0.00	0.00	1.40	2.16	100.00	8.65	16.91	0	411	202	39	0	0	0	0	651	301.19	6.90	1.72	5.79	20.08	8.67	11.69	1.86	21.09	23.53
7/25/2023 11:20:42	0.00	0.80	4.74	0.53	0.00	0.00	0.00	1.00	6.07	100.00	6.82	21.29	0	797	2135	16	0	0	0	0	2947	296.83	10.54	1.93	8.02	21.63	10.57	19.20	1.68	21.05	23.46
7/25/2023 11:20:45	1.98	0.28	4.59	1.24	0.00	0.00	0.00	0.67	8.10	100.00	4.80	22.56	1050	284	2067	37	0	0	0	0	3437	296.10	11.47	2.42	8.37	21.10	11.67	22.47	1.48	20.99	23.43
7/25/2023 11:20:48	0.21	0.00	6.24	1.09	0.00	0.00	0.00	0.59	7.53	100.00	2.95	22.81	113	0	2806	33	0	0	0	0	2951	298.99	12.71	1.58	6.61	19.94	11.53	22.54	1.30	20.96	23.38
7/25/2023 11:20:51	0.00	2.12	5.65	0.00	0.00	0.00	0.00	0.71	7.77	100.00	1.12	23.08	0	2122	2544	0	0	0	0	0	4666	292.02	11.31	0.47	13.05	19.63	10.68	18.64	1.12	20.93	23.28
7/25/2023 11:20:54	1.04	0.82	0.00	0.00	0.00	0.00	0.00	0.37	1.86	59.66	-0.26	23.59	551	821	0	0	0	0	0	0	1371	151.35	-0.79	3.35	5.54	6.23	5.10	3.90	0.98	20.89	23.20
7/25/2023 11:20:57	0.00	1.31	5.63	0.00	0.00	0.00	0.00	0.00	6.94	100.00	-0.23	23.78	0	1308	2535	0	0	0	0	0	3842	298.29	11.97	-3.96	8.27	6.87	11.95	15.00	0.99	20.89	23.20
7/25/2023 11:21:00	0.00	0.84	0.00	2.95	0.00	0.00	0.00	0.81	3.79	100.00	-0.09	23.61	0	841	0	88	0	0	0	0	930	297.45	8.37	7.71	8.44	15.56	11.84	9.62	1.00	20.85	23.19
7/25/2023 11:21:03	0.00	0.00	1.93	0.92	0.00	0.00	0.00	0.33	2.85	100.00	-0.10	23.53	0	0	867	28	0	0	0	0	895	304.10	6.59	-0.72	-0.90	8.05	10.07	8.81	1.00	20.83	23.09
7/25/2023 11:21:06	0.00	1.24	0.00	0.00	0.00	0.00	0.00	1.68	1.24	100.00	-0.02	23.45	0	1239	0	0	0	0	0	0	1239	297.43	1.96	3.26	3.76	22.59	10.21	6.69	1.01	20.80	23.06
7/25/2023 11:21:09	0.00	0.00	5.29	0.00	0.00	0.00	0.00	0.57	5.29	100.00	0.90	23.68	0	0	2380	0	0	0	0	0	2380	301.53	9.84	-2.25	4.83	15.85	7.21	16.81	1.10	20.80	22.98
7/25/2023 11:21:12	2.50	0.00	3.90	0.78	0.00	0.00	0.00	0.43	7.19	100.00	2.16	23.65	1327	0	1756	23	0	0	0	0	3106	299.07	8.93	0.33	3.96	16.43	11.55	19.71	1.22	20.78	22.98
7/25/2023 11:21:15	0.64	0.66	6.95	0.00	0.00	0.00	0.00	0.59	8.25	100.00	3.67	23.51	341	663	3125	0	0	0	0	0	4130	297.98	12.10	1.67	8.96	20.49	9.80	22.59	1.37	20.77	22.90
7/25/2023 11:21:18	1.57	0.30	5.43	0.93	0.00	0.00	0.00	0.71	8.24	100.00	4.85	23.39	831	302	2445	28	0	0	0	0	3606	299.01	12.04	2.58	8.39	21.97	11.25	23.35	1.49	20.74	22.88
7/25/2023 11:21:21	2.04	0.22	5.56	0.51	0.00	0.00	0.00	0.77	8.34	100.00	6.04	23.30	1083	224	2504	15	0	0	0	0	3825	298.41	11.64	2.26	7.95	22.93	10.48	24.01	1.60	20.74	22.86
7/25/2023 11:21:24	1.64	0.35	4.84	0.87	0.00	0.00	0.00	0.86	7.70	100.00	7.15	23.29	869	350	2179	26	0	0	0	0	3424	298.50	11.38	2.47	8.18	22.84	11.00	22.71	1.71	20.74	22.85
7/25/2023 11:21:27	2.39	0.19	4.37	0.93	0.00	0.00	0.00	0.77	7.88	100.00	8.16	23.15	1267	193	1965	28	0	0	0	0	3453	298.30	10.80	2.17	7.84	21.94	10.89	22.54	1.81	20.75	22.80
7/25/2023 11:21:30	0.00	0.45	4.23	1.07	0.00	0.00	0.00	1.25	5.76	100.00	9.37	20.51	0	453	1904	32	0	0	0	0	2389	298.82	11.16	2.61	7.73	24.58	10.78	20.64	1.93	20.74	22.74
7/25/2023 11:21:33	0.00	0.43	0.17	1.42	0.00	0.00	0.00	1.65	2.02	100.00	10.23	17.33	0	429	75	43	0	0	0	0	547	303.15	7.51	1.93	6.03	22.96	8.86	12.57	2.01	20.78	22.70
7/25/2023 11:21:36	0.00	0.50	0.00	0.96	0.00	0.00	0.00	1.41	1.46	100.00	11.21	15.37	0	502	0	29	0	0	0	0	530	303.61	5.56	1.55	5.21	18.90	7.88	9.66	2.11	20.77	22.69
7/25/2023 11:21:39	0.00	0.48	0.00	0.74	0.00	0.00	0.00	1.24	1.22	100.00	12.34	13.89	0	480	0	22	0	0	0	0	502	303.96	4.81	1.21	4.64	16.46	7.37	7.99	2.22	20.77	22.62
7/25/2023 11:21:41	0.00	0.46	0.00	0.74	0.00	0.00	0.00	1.19	1.20	100.00	13.50	12.92	0	455	0	22	0	0	0	0	477	303.98	4.56	1.26	4.49	15.80	7.35	7.71	2.33	20.74	22.72
7/25/2023 11:21:45	0.00	0.41	0.00	0.81	0.00	0.00	0.00	1.11	1.23	100.00	14.62	11.86	0	415	0	24	0	0	0	0	439	304.43	4.56	1.13	4.52	14.86	7.27	7.46	2.44	20.74	22.69
7/25/2023 11:21:48	0.00	0.25	0.00	0.99	0.00	0.00	0.00	1.02	1.24	100.00	15.56	10.91	0	249	0	30	0	0	0	0	279	304.94	4.51	1.09	4.42	13.86	7.13	7.59	2.54	20.73	22.62
7/25/2023 11:21:51	0.00	0.19	0.00	1.03	0.00	0.00	0.00	0.92	1.21	100.00	16.78	10.01	0	187	0	31	0	0	0	0	218	304.58	4.28	1.22	4.23	12.74	7.00	7.12	2.65	20.72	22.59
7/25/2023 11:21:53	0.00	0.21	0.00	0.89	0.00	0.00	0.00	0.85	1.10	100.00	17.81	8.95	0	210	0	27	0	0	0	0	237	304.89	3.77	1.07	4.00	11.59	6.79	6.36	2.76	20.71	22.56
7/25/2023 11:21:56	0.00	0.26	0.00	0.71	0.00	0.00	0.00	0.83	0.98	100.00	18.85	8.24	0	263	0	21	0	0	0	0	284	304.54	3.38	1.00	3.85	11.12	6.52	5.80	2.86	20.72	22.56
7/25/2023 11:22:00	0.00	0.29	0.00	0.60	0.00	0.00	0.00	0.83	0.89	100.00	19.97	7.90	0	294	0	18	0	0	0	0	312	304.69	3.18	0.93	3.76	10.95	6.33	5.49	2.97	20.69	22.57
7/25/2023 11:22:02	0.00	0.29	0.00	0.65	0.00	0.00	0.00	0.82	0.93	100.00	20.85	7.75	0	287	0	19	0	0	0	0	306	304.60	3.24	0.94	3.78	10.94	6.46	5.56	3.05	20.68	22.56
7/25/2023 11:22:05	0.00	0.30	0.00	0.61	0.00	0.00	0.00	0.82	0.90	100.00	21.78	7.48	0	298	0	18	0	0	0	0	316	305.04	3.20	0.90	3.80	10.83	6.32	5.46	3.14	20.68	22.54
7/25/2023 11:22:08	0.00	0.32	0.00	0.55	0.00	0.00	0.00	0.84	0.86	100.00	22.80	7.25	0	317	0	16	0	0	0	0	333	305.12	3.11	0.82	3.72	11.00	6.33	5.41	3.24	20.68	22.53
7/25/2023 11:22:11	0.00	0.34	0.00	0.55	0.00	0.00	0.00	0.84	0.89	100.00	23.88	7.05	0	343	0	16	0	0	0	0	360	304.75	3.08	0.91	3.79	11.04	6.40	5.45	3.35	20.67	22.49
7/25/2023 11:22:14	0.00	0.38	0.00	0.51	0.00	0.00	0.00	0.85	0.89	100.00	25.21	6.79	0	384	0	15	0	0	0	0	399	305.10	3.12	0.89	3.87	11.17	6.38	5.40	3.48	20.66	22.46
7/25/2023 11:22:17	0.00	0.40	0.00	0.44	0.00	0.00	0.00	0.84	0.84	100.00	26.25	6.63	0	396	0	13	0	0	0	0	410	305.26	2.89	0.85	3.73	10.91	6.34	5.16	3.58	20.62	22.48
7/25/2023 11:22:20	0.00	0.39	0.00	0.38	0.00	0.00	0.00	0.84	0.77	100.00	27.39	6.44	0	388	0	12	0	0	0	0	399	305.33	2.78	0.86	3.64	10.77	6.15	4.97	3.69	20.63	22.40
7/25/2023 11:22:23	0.00	0.44	0.00	0.33	0.00	0.00	0.00	0.82	0.77	100.00	28.38	6.21	0	438	0	10	0	0	0	0	448	305.43	2.66	0.76	3.69	10.47	6.13	4.75	3.79	20.62	22.43
7/25/2023 11:22:26	0.00	0.44	0.00	0.32	0.00	0.00	0.00	0.83	0.76	100.00	29.41	6.02	0	444	0	10	0	0	0	0	454	305.31	2.63	0.80	3.69	10.58	6.12	4.78	3.89	20.61	22.43
7/25/2023 11:22:29	0.00	0.46	0.00	0.21	0.00	0.00	0.00	0.81	0.68	100.00	30.67	5.76	0	463	0	6	0	0	0	0	469	304.77	2.48	0.73	3.56	10.25	5.94	4.34	4.02	20.57	22.40
7/25/2023 11:22:32	0.00	0.53	0.00	0.03	0.00	0.00	0.00	0.80	0.57	100.00	31.88	5.58	0	535	0	1	0	0	0	0	536	304.55	2.04	0.66	3.44	9.85	5.73	3.85	4.13	20.57	22.38
7/25/2023 11:22:35	0.00	0.51	0.00	0.00	0.00	0.00	0.00	0.78	0.51	100.00	33.08	5.51	0	514	0	0	0	0	0	0	514	304.47	1.86	0.53	3.43	9.62	5.52	3.65	4.25	20.53	22.40
7/25/2023 11:22:38	0.00	0.49	0.00	0.00	0.00	0.00	0.00	0.79	0.49	100.00	34.21	5.55	0	492	0	0	0	0	0	0	492	304.27	1.85	0.56	3.33	9.71	5.51	3.63	4.36	20.52	22.35
7/25/2023 11:22:41	0.00	0.52	0.00	0.00	0.00	0.00	0.00	0.78	0.52	100.00	35.25	5.50	0	518	0	0	0	0	0	0	518	304.18	1.83	0.56	3.46	9.65	5.50	3.61	4.46	20.48	22.30
7/25/2023 11:22:44	0.00	0.50	0.00	0.00	0.00	0.00	0.00	0.77	0.50	100.00	36.43	5.39	0	499	0	0	0	0	0	0	499	303.85	1.77	0.54	3.34	9.50	5.53	3.47	4.58	20.45	22.28
7/25/2023 11:22:47	0.00	0.48	0.00	0.00	0.00	0.00	0.00	0.78	0.48	100.00	37.39	5.35	0	482	0	0	0	0	0	0	482	303.88	1.71	0.53	3.31	9.58	5.48	3.46	4.68	20.41	22.25
7/25/2023 11:22:50	0.00	0.51	0.00	0.00	0.00	0.00	0.00	0.77	0.51	100.00	38.59	5.31	0	511	0	0	0	0	0	0	511	303.83	1.91	0.55	3.37	9.47	5.54	3.57	4.79	20.37	22.27
7/25/2023 11:22:53	0.00	0.50	0.00	0.00	0.00	0.00	0.00	0.77	0.50	100.00	39.65	5.25	0	502	0	0	0	0	0	0	502	304.30	1.80	0.54	3.32	9.39	5.55	3.50	4.90	20.32	22.17
7/25/2023 11:22:56	0.00	0.52	0.00	0.00	0.00	0.00	0.00	0.77	0.52	100.00	40.75	5.21	0	518	0	0	0	0	0	0	518	304.45	1.83	0.57	3.36	9.51	5.59	3.49	5.00	20.32	22.17
7/25/2023 11:22:59	0.00	0.52	0.00	0.00	0.00	0.00	0.00	0.77	0.52	100.00	41.96	5.15	0	520	0	0	0	0	0	0	520	303.97	1.83	0.53	3.35	9.45	5.62	3.46	5.12	20.25	22.12
7/25/2023 11:23:02	0.00	0.54	0.00	0.00	0.00	0.00	0.00	0.77	0.54	100.00	43.09	5.07	0	543	0	0	0	0	0	0	543	303.42	1.86	0.60	3.43	9.45	5.63	3.48	5.23	20.21	22.08
7/25/2023 11:23:05	0.00	0.52	0.00	0.00	0.00	0.00	0.00	0.76	0.52	100.00	44.17	4.96	0	519	0	0	0	0	0	0	519	303.15	1.64	0.52	3.49	9.43	5.45	3.36	5.34	20.16	22.06
7/25/2023 11:23:08	0.00	0.55	0.00	0.00	0.00	0.00	0.00	0.77	0.55	100.00	45.09	4.96	0	550	0	0	0	0	0	0	550	302.39	1.70	0.61	3.46	9.50	5.66	3.48	5.43	20.11	22.09
7/25/2023 11:23:11	0.00	0.56	0.00	0.00	0.00	0.00	0.00	0.76	0.56	100.00	45.67	4.97	0	556	0	0	0	0	0	0	556	301.49	1.73	0.54	3.56	9.45	5.57	3.43	5.49	20.05	21.99
7/25/2023 11:23:14	0.00	0.52	0.00	0.00	0.00	0.00	0.00	0.76	0.52	100.00	45.62	5.00	0	524	0	0	0	0	0	0	524	302.20	1.67	0.49	3.46	9.40	5.52	3.42	5.48	20.00	21.95
7/25/2023 11:23:17	0.00	0.54	0.00	0.00	0.00	0.00	0.00	0.77	0.54	100.00	45.61	5.06	0	539	0	0	0	0	0	0	539	302.15	1.78	0.52	3.50	9.48	5.56	3.53	5.48	19.94	21.93
7/25/2023 11:23:20	0.00	0.54	0.00	0.00	0.00	0.00	0.00	0.77	0.54	100.00	45.59	5.01	0	544	0	0	0	0	0	0	544	301.54	1.78	0.53	3.49	9.54	5.60	3.50	5.48	19.88	21.91
7/25/2023 11:23:23	0.00	0.54	0.00	0.00	0.00	0.00	0.00	0.76	0.54	100.00	45.60	5.00	0	543	0	0	0	0	0	0	543	301.67	1.76	0.54	3.48	9.42	5.59	3.48	5.48	19.81	21.90
7/25/2023 11:23:26	0.00	0.53	0.00	0.00	0.00	0.00	0.00	0.76	0.53	100.00	45.60	5.11	0	527	0	0	0	0	0	0	527	301.80	1.65	0.56	3.41	9.40	5.59	3.40	5.48	19.79	21.79
7/25/2023 11:23:29	0.00	0.55	0.00	0.00	0.00	0.00	0.00	0.77	0.55	100.00	45.60	5.24	0	550	0	0	0	0	0	0	550	300.92	1.76	0.43	3.55	9.50	5.57	3.45	5.48	19.69	21.79
7/25/2023 11:23:32	0.00	0.56	0.00	0.00	0.00	0.00	0.00	0.76	0.56	100.00	45.60	5.24	0	560	0	0	0	0	0	0	560	301.82	1.75	0.52	3.48	9.42	5.69	3.48	5.48	19.64	21.79
7/25/2023 11:23:35	0.00	0.55	0.00	0.00	0.00	0.00	0.00	0.77	0.55	100.00	44.45	5.17	0	550	0	0	0	0	0	0	550	301.33	1.79	0.54	3.53	9.54	5.57	3.43	5.37	19.59	21.74
7/25/2023 11:23:37	0.00	0.56	0.00	0.00	0.00	0.00	0.00	0.76	0.56	100.00	42.63	5.04	0	562	0	0	0	0	0	0	562	301.36	1.76	0.56	3.54	9.44	5.62	3.47	5.19	19.54	21.69
7/25/2023 11:23:40	0.00	0.57	0.00	0.00	0.00	0.00	0.00	0.77	0.57	100.00	40.80	5.08	0	572	0	0	0	0	0	0	572	302.62	1.88	0.49	3.54	9.50	5.69	3.52	5.01	19.46	21.67
7/25/2023 11:23:44	0.00	0.56	0.00	0.00	0.00	0.00	0.00	0.77	0.56	100.00	38.76	5.20	0	557	0	0	0	0	0	0	557	304.30	1.88	0.58	3.45	9.52	5.70	3.53	4.81	19.39	21.61
7/25/2023 11:23:46	0.00	0.57	0.00	0.00	0.00	0.00	0.00	0.76	0.57	100.00	36.91	5.26	0	570	0	0	0	0	0	0	570	303.95	1.85	0.60	3.50	9.39	5.69	3.51	4.63	19.33	21.56
7/25/2023 11:23:49	0.00	0.56	0.00	0.00	0.00	0.00	0.00	0.77	0.56	100.00	35.05	5.34	0	559	0	0	0	0	0	0	559	303.91	1.86	0.62	3.45	9.55	5.70	3.49	4.45	19.28	21.50
7/25/2023 11:23:52	0.00	0.57	0.00	0.00	0.00	0.00	0.00	0.77	0.57	100.00	33.19	5.42	0	573	0	0	0	0	0	0	573	303.57	1.87	0.62	3.53	9.55	5.69	3.51	4.26	19.19	21.45
7/25/2023 11:23:55	0.00	0.60	0.00	0.00	0.00	0.00	0.00	0.79	0.61	100.00	31.36	5.47	0	603	0	0	0	0	0	0	603	303.43	1.96	0.65	3.56	9.67	5.85	3.72	4.08	19.16	21.45
7/25/2023 11:23:58	0.00	0.60	0.00	0.04	0.00	0.00	0.00	0.79	0.65	100.00	29.29	5.60	0	605	0	1	0	0	0	0	606	303.89	2.05	0.72	3.64	9.72	5.91	3.80	3.88	19.07	21.35
7/25/2023 11:24:01	0.00	0.56	0.00	0.20	0.00	0.00	0.00	0.82	0.76	100.00	27.41	5.86	0	555	0	6	0	0	0	0	561	304.05	2.45	0.82	3.77	10.39	6.15	4.40	3.70	19.02	21.32
7/25/2023 11:24:04	0.00	0.50	0.00	0.35	0.00	0.00	0.00	0.82	0.85	100.00	25.55	6.18	0	502	0	10	0	0	0	0	512	304.60	2.77	0.94	3.86	10.56	6.30	4.69	3.51	18.97	21.25
7/25/2023 11:24:07	0.00	0.44	0.00	0.56	0.00	0.00	0.00	0.84	1.01	100.00	23.70	6.49	0	443	0	17	0	0	0	0	460	304.55	3.26	0.87	4.08	11.13	6.65	5.44	3.33	18.91	21.27
7/25/2023 11:24:10	0.00	0.48	0.00	0.55	0.00	0.00	0.00	0.85	1.04	100.00	21.85	6.80	0	483	0	17	0	0	0	0	500	305.14	3.20	1.01	4.16	11.22	6.73	5.47	3.15	18.85	21.17
7/25/2023 11:24:13	0.00	0.45	0.00	0.59	0.00	0.00	0.00	0.84	1.04	100.00	19.79	7.22	0	452	0	18	0	0	0	0	470	304.65	3.24	1.06	4.08	11.18	6.78	5.46	2.95	18.77	21.11
7/25/2023 11:24:16	0.00	0.48	0.00	0.54	0.00	0.00	0.00	0.83	1.03	100.00	17.93	7.63	0	483	0	16	0	0	0	0	499	304.24	3.16	1.04	4.11	11.01	6.70	5.29	2.77	18.71	21.09
7/25/2023 11:24:19	0.00	0.39	0.00	0.73	0.00	0.00	0.00	0.83	1.12	100.00	16.02	8.36	0	392	0	22	0	0	0	0	413	303.80	3.52	1.19	4.21	11.26	6.79	5.78	2.58	18.66	21.06
7/25/2023 11:24:22	0.00	0.35	0.00	0.98	0.00	0.00	0.00	0.89	1.33	100.00	14.18	9.93	0	346	0	29	0	0	0	0	376	302.82	4.21	1.28	4.54	12.40	7.26	6.79	2.40	18.61	20.96
7/25/2023 11:24:25	0.00	0.50	0.00	0.86	0.00	0.00	0.00	1.06	1.36	100.00	12.31	11.41	0	500	0	26	0	0	0	0	526	302.99	4.55	1.48	4.79	14.49	7.48	7.31	2.22	18.58	20.96
7/25/2023 11:24:28	0.00	0.54	0.00	0.82	0.00	0.00	0.00	1.19	1.36	100.00	10.27	13.33	0	542	0	25	0	0	0	0	566	302.36	4.89	1.31	4.86	16.09	7.66	7.90	2.02	18.52	20.90
7/25/2023 11:24:31	0.00	0.47	0.00	1.50	0.00	0.00	0.00	1.49	1.98	100.00	8.40	17.65	0	472	0	45	0	0	0	0	518	300.95	6.76	1.92	5.92	20.71	9.17	11.48	1.83	18.50	20.82
7/25/2023 11:24:34	0.70	0.49	3.48	1.06	0.00	0.00	0.00	1.15	5.73	100.00	6.55	21.78	373	487	1565	32	0	0	0	0	2457	297.79	9.98	2.73	7.73	22.93	10.49	19.43	1.65	18.48	20.80
7/25/2023 11:24:37	1.43	0.06	3.75	1.83	0.00	0.00	0.00	0.90	7.07	100.00	4.70	22.60	760	56	1687	55	0	0	0	0	2557	296.51	11.51	3.32	8.04	22.49	11.58	21.89	1.47	18.47	20.77
7/25/2023 11:24:40	1.32	1.36	6.31	0.00	0.00	0.00	0.00	0.72	8.99	100.00	2.89	22.89	700	1363	2839	0	0	0	0	0	4902	296.66	11.89	2.78	10.53	22.33	11.65	23.10	1.29	18.48	20.77
7/25/2023 11:24:43	0.00	1.26	4.92	0.36	0.00	0.00	0.00	0.75	6.53	100.00	0.84	23.21	0	1260	2212	11	0	0	0	0	3483	300.28	11.81	1.30	9.21	19.05	10.60	16.82	1.09	18.51	20.66
7/25/2023 11:24:46	0.00	0.73	5.01	0.00	0.00	0.00	0.00	0.48	5.73	100.00	-0.07	23.71	0	726	2254	0	0	0	0	0	2979	301.62	13.72	-1.40	8.42	15.42	6.57	12.61	1.00	18.50	20.67
7/25/2023 11:24:49	0.00	0.00	0.00	2.21	0.00	0.00	0.00	1.30	2.21	100.00	-0.07	23.71	0	0	0	66	0	0	0	0	66	297.40	6.49	8.97	7.00	19.48	6.53	12.38	1.00	18.50	20.66
7/25/2023 11:24:52	4.43	1.51	0.00	0.26	0.00	0.00	0.00	1.11	6.20	100.00	-0.06	23.35	2349	1506	0	8	0	0	0	0	3863	295.42	1.45	11.14	9.03	21.58	9.49	15.83	1.00	18.51	20.58
7/25/2023 11:24:55	0.21	0.00	2.00	1.47	0.00	0.00	0.00	1.13	3.69	100.00	-0.09	23.13	111	0	901	44	0	0	0	0	1056	295.84	8.19	1.27	5.24	19.68	9.92	15.47	1.00	18.52	20.53
7/25/2023 11:24:58	3.02	0.30	6.39	0.00	0.00	0.00	0.00	0.00	9.71	100.00	-0.05	23.47	1600	301	2877	0	0	0	0	0	4778	298.24	10.86	2.30	11.19	15.67	5.90	22.32	1.01	18.53	20.48
7/25/2023 11:25:01	0.00	0.01	5.91	0.58	0.00	0.00	0.00	0.40	6.51	100.00	0.02	23.78	0	12	2659	18	0	0	0	0	2689	297.90	13.23	4.47	7.78	16.49	6.36	17.12	1.01	18.55	20.48
7/25/2023 11:25:04	3.22	0.00	5.07	0.00	0.00	0.00	0.00	0.12	8.29	100.00	0.33	23.81	1705	0	2283	0	0	0	0	0	3988	307.57	9.03	-3.36	3.93	14.36	11.44	20.39	1.04	18.56	20.40
7/25/2023 11:25:07	0.00	0.76	3.56	0.53	0.00	0.00	0.00	1.10	4.85	100.00	1.44	23.71	0	760	1603	16	0	0	0	0	2379	303.75	11.19	0.23	7.34	21.04	9.49	15.38	1.15	18.58	20.38
7/25/2023 11:25:10	4.03	0.00	2.23	1.68	0.00	0.00	0.00	0.41	7.94	100.00	2.74	23.56	2137	0	1004	50	0	0	0	0	3191	301.25	8.78	2.13	6.81	17.17	11.80	20.01	1.28	18.60	20.42
7/25/2023 11:25:13	1.12	0.29	5.68	0.80	0.00	0.00	0.00	0.75	7.89	100.00	4.31	23.44	592	291	2557	24	0	0	0	0	3463	298.88	12.08	2.21	8.04	22.07	11.03	23.06	1.43	18.62	20.40
7/25/2023 11:25:16	1.59	0.40	5.44	0.69	0.00	0.00	0.00	0.92	8.12	100.00	5.63	23.37	843	397	2450	21	0	0	0	0	3710	298.45	12.07	2.15	8.33	24.27	11.28	24.12	1.56	18.66	20.30
7/25/2023 11:25:19	1.37	0.45	4.91	0.87	0.00	0.00	0.00	0.92	7.61	100.00	6.85	23.27	728	453	2211	26	0	0	0	0	3418	299.14	11.54	2.69	8.43	23.31	11.11	22.70	1.68	18.67	20.30
7/25/2023 11:25:22	1.27	0.44	4.86	0.69	0.00	0.00	0.00	0.95	7.27	100.00	8.12	23.13	676	441	2189	21	0	0	0	0	3326	299.47	11.12	2.43	8.06	23.13	10.65	22.13	1.81	18.71	20.27
7/25/2023 11:25:24	0.00	0.35	4.44	1.22	0.00	0.00	0.00	1.23	6.00	100.00	9.33	20.60	0	347	1996	37	0	0	0	0	2380	299.89	11.67	2.58	7.71	24.77	11.08	21.35	1.93	18.76	20.32
7/25/2023 11:25:28	0.00	0.32	0.15	1.67	0.00	0.00	0.00	1.62	2.14	100.00	10.64	16.40	0	319	66	50	0	0	0	0	436	303.75	7.85	2.01	6.01	22.91	9.22	12.94	2.05	18.81	20.25
7/25/2023 11:25:31	0.00	0.51	0.00	0.89	0.00	0.00	0.00	1.35	1.40	100.00	11.84	14.53	0	506	0	27	0	0	0	0	533	305.12	5.51	1.44	5.02	18.18	7.76	8.95	2.17	18.82	20.27
7/25/2023 11:25:33	0.00	0.48	0.00	0.79	0.00	0.00	0.00	1.26	1.28	100.00	12.94	13.45	0	484	0	24	0	0	0	0	507	304.90	4.90	1.39	4.64	16.86	7.60	8.19	2.28	18.87	20.22
7/25/2023 11:25:36	0.00	0.49	0.00	0.70	0.00	0.00	0.00	1.24	1.20	100.00	14.10	12.37	0	494	0	21	0	0	0	0	516	305.83	4.71	1.32	4.59	16.42	7.32	7.85	2.39	18.87	20.21
7/25/2023 11:25:39	0.00	0.37	0.00	0.90	0.00	0.00	0.00	1.08	1.27	100.00	15.27	11.32	0	372	0	27	0	0	0	0	399	306.18	4.57	1.34	4.55	14.68	7.31	7.60	2.51	18.87	20.22
7/25/2023 11:25:43	0.00	0.29	0.00	0.99	0.00	0.00	0.00	0.99	1.27	100.00	16.47	10.33	0	286	0	30	0	0	0	0	316	306.15	4.45	1.41	4.40	13.56	7.21	7.24	2.62	18.89	20.16
7/25/2023 11:25:45	0.00	0.26	0.00	0.93	0.00	0.00	0.00	0.92	1.19	100.00	17.44	9.42	0	262	0	28	0	0	0	0	289	306.20	4.04	1.32	4.23	12.59	6.98	6.81	2.72	18.91	20.21
7/25/2023 11:25:48	0.00	0.29	0.00	0.70	0.00	0.00	0.00	0.87	0.99	100.00	18.40	8.56	0	286	0	21	0	0	0	0	307	306.20	3.46	1.20	3.87	11.67	6.60	5.94	2.81	18.93	20.17
7/25/2023 11:25:51	0.00	0.36	0.00	0.55	0.00	0.00	0.00	0.85	0.91	100.00	19.50	8.12	0	359	0	16	0	0	0	0	376	306.11	3.22	1.11	3.86	11.26	6.36	5.41	2.92	18.92	20.22
7/25/2023 11:25:54	0.00	0.35	0.00	0.57	0.00	0.00	0.00	0.85	0.92	100.00	20.50	7.81	0	351	0	17	0	0	0	0	368	306.26	3.19	1.13	3.81	11.20	6.43	5.41	3.02	18.97	20.19
7/25/2023 11:25:57	0.00	0.32	0.00	0.60	0.00	0.00	0.00	0.84	0.91	100.00	21.72	7.54	0	317	0	18	0	0	0	0	335	306.36	3.15	1.14	3.71	11.13	6.49	5.45	3.14	18.97	20.16
7/25/2023 11:26:00	0.00	0.34	0.00	0.55	0.00	0.00	0.00	0.87	0.88	100.00	22.94	7.32	0	339	0	16	0	0	0	0	356	305.99	3.23	1.12	3.78	11.45	6.35	5.48	3.26	18.98	20.13
7/25/2023 11:26:03	0.00	0.38	0.00	0.56	0.00	0.00	0.00	0.87	0.94	100.00	24.13	7.09	0	377	0	17	0	0	0	0	394	306.13	3.20	1.13	3.90	11.49	6.49	5.59	3.38	19.01	20.14
7/25/2023 11:26:06	0.00	0.40	0.00	0.49	0.00	0.00	0.00	0.89	0.90	100.00	25.15	6.83	0	403	0	15	0	0	0	0	418	306.08	3.14	1.12	3.84	11.63	6.45	5.47	3.48	19.02	20.14
7/25/2023 11:26:09	0.00	0.53	0.00	0.40	0.00	0.00	0.00	0.88	0.92	100.00	26.47	6.62	0	528	0	12	0	0	0	0	539	306.51	2.97	1.06	4.00	11.42	6.55	5.18	3.60	19.03	20.16
7/25/2023 11:26:12	0.00	0.46	0.00	0.30	0.00	0.00	0.00	0.86	0.75	100.00	28.02	6.29	0	458	0	9	0	0	0	0	467	306.33	2.65	1.00	3.69	10.93	6.12	4.83	3.76	19.02	20.16
7/25/2023 11:26:15	0.00	0.46	0.00	0.28	0.00	0.00	0.00	0.85	0.75	100.00	29.45	6.08	0	461	0	9	0	0	0	0	470	306.42	2.59	0.99	3.68	10.86	6.11	4.80	3.90	19.02	20.17
7/25/2023 11:26:18	0.00	0.52	0.00	0.20	0.00	0.00	0.00	0.83	0.72	100.00	30.58	5.80	0	524	0	6	0	0	0	0	530	306.44	2.44	0.90	3.67	10.48	6.07	4.40	4.01	19.02	20.14
7/25/2023 11:26:21	0.00	0.54	0.00	0.00	0.00	0.00	0.00	0.82	0.54	100.00	31.72	5.60	0	544	0	0	0	0	0	0	544	306.17	1.90	0.83	3.39	10.12	5.74	3.87	4.12	19.02	20.16
7/25/2023 11:26:24	0.00	0.54	0.00	0.00	0.00	0.00	0.00	0.81	0.54	100.00	32.91	5.56	0	541	0	0	0	0	0	0	541	306.08	1.87	0.70	3.45	10.03	5.66	3.75	4.24	19.04	20.14
7/25/2023 11:26:27	0.00	0.59	0.00	0.00	0.00	0.00	0.00	0.81	0.59	100.00	34.26	5.52	0	586	0	0	0	0	0	0	586	306.04	2.08	0.69	3.53	9.98	5.79	3.78	4.37	19.03	20.16
7/25/2023 11:26:30	0.00	0.50	0.00	0.00	0.00	0.00	0.00	0.80	0.50	100.00	35.41	5.45	0	504	0	0	0	0	0	0	504	306.10	1.86	0.69	3.35	9.93	5.53	3.47	4.48	19.02	20.16
7/25/2023 11:26:33	0.00	0.51	0.00	0.00	0.00	0.00	0.00	0.79	0.51	100.00	36.40	5.42	0	513	0	0	0	0	0	0	513	305.84	1.78	0.80	3.37	9.82	5.55	3.53	4.58	19.02	20.16
7/25/2023 11:26:36	0.00	0.58	0.00	0.00	0.00	0.00	0.00	0.78	0.58	100.00	37.53	5.36	0	580	0	0	0	0	0	0	580	306.28	1.82	0.61	3.52	9.65	5.74	3.42	4.69	19.01	20.14
7/25/2023 11:26:39	0.00	0.53	0.00	0.00	0.00	0.00	0.00	0.79	0.53	100.00	38.90	5.32	0	531	0	0	0	0	0	0	531	306.30	1.83	0.71	3.39	9.76	5.62	3.49	4.82	18.98	20.14
7/25/2023 11:26:42	0.00	0.51	0.00	0.00	0.00	0.00	0.00	0.78	0.51	100.00	40.32	5.21	0	514	0	0	0	0	0	0	514	306.70	1.80	0.68	3.35	9.68	5.58	3.48	4.96	18.97	20.06
7/25/2023 11:26:45	0.00	0.53	0.00	0.00	0.00	0.00	0.00	0.79	0.53	100.00	41.58	5.14	0	528	0	0	0	0	0	0	528	306.29	1.85	0.74	3.43	9.76	5.57	3.61	5.09	18.92	20.06
7/25/2023 11:26:48	0.00	0.54	0.00	0.00	0.00	0.00	0.00	0.79	0.54	100.00	42.70	5.07	0	543	0	0	0	0	0	0	543	305.57	1.81	0.73	3.42	9.81	5.66	3.52	5.20	18.92	20.03
7/25/2023 11:26:51	0.00	0.54	0.00	0.00	0.00	0.00	0.00	0.79	0.54	100.00	43.77	4.98	0	544	0	0	0	0	0	0	544	304.33	1.68	0.65	3.47	9.81	5.63	3.43	5.30	18.88	20.01
7/25/2023 11:26:54	0.00	0.54	0.00	0.00	0.00	0.00	0.00	0.78	0.54	100.00	44.80	4.94	0	544	0	0	0	0	0	0	544	304.27	1.67	0.70	3.56	9.73	5.51	3.44	5.40	18.86	20.03
7/25/2023 11:26:57	0.00	0.51	0.00	0.00	0.00	0.00	0.00	0.78	0.51	100.00	45.60	4.96	0	514	0	0	0	0	0	0	514	304.20	1.63	0.70	3.41	9.72	5.53	3.45	5.48	18.82	19.98
7/25/2023 11:27:00	0.00	0.55	0.00	0.00	0.00	0.00	0.00	0.78	0.55	100.00	45.79	4.97	0	554	0	0	0	0	0	0	554	304.24	1.74	0.68	3.50	9.76	5.63	3.43	5.50	18.77	19.95
7/25/2023 11:27:03	0.00	0.55	0.00	0.00	0.00	0.00	0.00	0.78	0.55	100.00	45.71	4.98	0	551	0	0	0	0	0	0	551	304.55	1.68	0.65	3.50	9.79	5.63	3.40	5.49	18.75	19.93
7/25/2023 11:27:06	0.00	0.52	0.00	0.00	0.00	0.00	0.00	0.78	0.52	100.00	45.04	4.97	0	516	0	0	0	0	0	0	516	304.04	1.65	0.67	3.42	9.74	5.53	3.35	5.42	18.71	19.92
7/25/2023 11:27:09	0.00	0.56	0.00	0.00	0.00	0.00	0.00	0.78	0.56	100.00	43.28	4.98	0	561	0	0	0	0	0	0	561	304.57	1.68	0.66	3.54	9.76	5.64	3.45	5.25	18.67	19.85
7/25/2023 11:27:12	0.00	0.58	0.00	0.00	0.00	0.00	0.00	0.79	0.58	100.00	41.24	5.05	0	580	0	0	0	0	0	0	580	305.01	1.80	0.65	3.60	9.87	5.68	3.56	5.05	18.61	19.84
7/25/2023 11:27:15	0.00	0.56	0.00	0.00	0.00	0.00	0.00	0.79	0.56	100.00	39.44	5.15	0	560	0	0	0	0	0	0	560	306.26	1.85	0.66	3.47	9.84	5.71	3.56	4.88	18.57	19.82
7/25/2023 11:27:18	0.00	0.55	0.00	0.00	0.00	0.00	0.00	0.79	0.55	100.00	37.59	5.25	0	553	0	0	0	0	0	0	553	306.76	1.79	0.65	3.43	9.86	5.72	3.48	4.69	18.52	19.80
7/25/2023 11:27:21	0.00	0.56	0.00	0.00	0.00	0.00	0.00	0.79	0.56	100.00	35.78	5.30	0	555	0	0	0	0	0	0	555	306.46	1.85	0.69	3.43	9.82	5.73	3.57	4.52	18.47	19.80
7/25/2023 11:27:24	0.00	0.55	0.00	0.00	0.00	0.00	0.00	0.78	0.55	100.00	34.01	5.38	0	553	0	0	0	0	0	0	553	306.71	1.79	0.67	3.48	9.74	5.65	3.46	4.34	18.45	19.75
7/25/2023 11:27:27	0.00	0.58	0.00	0.00	0.00	0.00	0.00	0.80	0.58	100.00	31.98	5.45	0	577	0	0	0	0	0	0	577	306.55	1.87	0.69	3.46	9.84	5.82	3.67	4.14	18.40	19.67
7/25/2023 11:27:30	0.00	0.63	0.00	0.00	0.00	0.00	0.00	0.80	0.63	100.00	30.17	5.50	0	633	0	0	0	0	0	0	633	306.17	1.88	0.65	3.63	9.89	5.94	3.64	3.97	18.33	19.66
7/25/2023 11:27:33	0.00	0.56	0.00	0.19	0.00	0.00	0.00	0.82	0.75	100.00	28.32	5.77	0	560	0	6	0	0	0	0	566	306.88	2.36	0.78	3.81	10.36	6.12	4.49	3.79	18.30	19.64
7/25/2023 11:27:35	0.00	0.57	0.00	0.28	0.00	0.00	0.00	0.83	0.84	100.00	26.49	6.08	0	565	0	8	0	0	0	0	573	307.14	2.64	0.89	3.96	10.67	6.30	4.71	3.61	18.25	19.58
7/25/2023 11:27:38	0.00	0.52	0.00	0.37	0.00	0.00	0.00	0.85	0.89	100.00	24.69	6.38	0	517	0	11	0	0	0	0	528	306.62	2.84	0.93	3.98	10.93	6.39	5.00	3.43	18.20	19.56
7/25/2023 11:27:42	0.00	0.45	0.00	0.56	0.00	0.00	0.00	0.86	1.01	100.00	22.65	6.69	0	446	0	17	0	0	0	0	463	306.49	3.22	1.01	4.07	11.40	6.68	5.58	3.23	18.14	19.50
7/25/2023 11:27:45	0.00	0.43	0.00	0.58	0.00	0.00	0.00	0.85	1.02	100.00	20.80	7.06	0	435	0	17	0	0	0	0	452	307.06	3.27	1.02	4.02	11.23	6.73	5.45	3.05	18.09	19.53
7/25/2023 11:27:47	0.00	0.40	0.00	0.66	0.00	0.00	0.00	0.85	1.06	100.00	18.95	7.40	0	402	0	20	0	0	0	0	421	306.92	3.50	0.91	4.17	11.34	6.69	5.73	2.87	18.04	19.50
7/25/2023 11:27:50	0.00	0.44	0.00	0.64	0.00	0.00	0.00	0.84	1.08	100.00	17.09	7.77	0	437	0	19	0	0	0	0	457	307.10	3.37	1.07	4.12	11.23	6.85	5.56	2.69	17.99	19.45
7/25/2023 11:27:53	0.00	0.41	0.00	0.84	0.00	0.00	0.00	0.89	1.25	100.00	15.27	8.82	0	408	0	25	0	0	0	0	433	307.45	3.88	1.23	4.38	12.21	7.24	6.38	2.51	17.95	19.38
7/25/2023 11:27:56	0.00	0.49	0.00	0.84	0.00	0.00	0.00	1.07	1.33	100.00	13.24	10.77	0	487	0	25	0	0	0	0	512	306.17	4.49	1.31	4.70	14.53	7.50	7.34	2.31	17.90	19.37
7/25/2023 11:27:59	0.00	0.61	0.00	0.65	0.00	0.00	0.00	1.21	1.26	100.00	11.42	12.36	0	607	0	20	0	0	0	0	627	305.47	4.62	1.18	4.76	16.00	7.51	7.53	2.13	17.87	19.38
7/25/2023 11:28:02	0.00	0.69	0.00	0.78	0.00	0.00	0.00	1.38	1.47	100.00	9.55	14.25	0	690	0	23	0	0	0	0	713	305.09	5.38	1.44	5.34	18.46	7.97	8.89	1.95	17.85	19.32
7/25/2023 11:28:05	0.00	0.31	2.30	1.46	0.00	0.00	0.00	1.37	4.08	100.00	7.70	18.97	0	313	1036	44	0	0	0	0	1393	301.76	9.58	2.18	6.76	23.21	10.21	16.97	1.77	17.83	19.22
7/25/2023 11:28:08	0.60	0.82	5.64	0.25	0.00	0.00	0.00	0.94	7.31	100.00	5.89	22.33	316	818	2539	8	0	0	0	0	3681	299.91	11.34	2.26	8.60	22.94	10.68	21.80	1.59	17.83	19.24
7/25/2023 11:28:11	0.96	0.42	5.52	0.78	0.00	0.00	0.00	0.83	7.68	100.00	3.87	22.64	507	421	2484	24	0	0	0	0	3435	300.14	11.96	2.35	8.26	22.54	11.11	22.75	1.39	17.83	19.19
7/25/2023 11:28:14	0.00	0.00	5.30	1.64	0.00	0.00	0.00	0.64	6.94	100.00	2.05	22.99	0	0	2385	49	0	0	0	0	2434	303.58	12.53	1.81	5.41	19.35	12.75	21.42	1.21	17.83	19.17
7/25/2023 11:28:17	5.60	1.19	2.58	0.00	0.00	0.00	0.00	0.38	9.37	100.00	0.23	23.45	2970	1187	1161	0	0	0	0	0	5318	298.18	7.28	-1.14	9.52	17.69	11.66	19.88	1.03	17.84	19.08
7/25/2023 11:28:20	3.93	0.03	0.00	1.43	0.00	0.00	0.00	0.57	5.39	100.00	-0.16	23.87	2081	32	0	43	0	0	0	0	2157	296.37	0.90	6.41	3.58	15.07	12.45	14.27	0.99	17.86	19.11
7/25/2023 11:28:23	0.00	0.00	0.00	1.51	0.00	0.00	0.00	1.16	1.51	100.00	-0.13	23.72	0	0	0	45	0	0	0	0	45	304.64	10.26	-1.76	-3.76	16.01	11.08	8.95	1.00	17.89	19.09
7/25/2023 11:28:26	0.00	0.93	0.00	0.00	0.00	0.00	0.00	0.24	0.93	91.80	-0.47	23.18	0	933	0	0	0	0	0	0	933	232.83	1.61	-0.97	0.34	5.90	10.47	-6.11	0.96	17.91	19.05
7/25/2023 11:28:29	0.00	0.16	0.00	0.00	0.00	0.00	0.00	0.00	0.16	89.89	-0.47	22.28	0	163	0	0	0	0	0	0	163	227.99	-13.77	-9.25	5.91	0.10	4.51	-9.70	0.96	17.91	18.98
7/25/2023 11:28:32	0.00	0.00	0.00	0.00	0.00	0.00	0.00	0.86	0.00	90.77	-0.47	21.57	0	0	0	0	0	0	0	0	0	230.21	-1.80	-2.30	8.61	14.62	-3.56	-2.60	0.96	17.94	18.97
7/25/2023 11:28:35	0.00	4.56	0.00	0.00	0.00	0.00	0.00	0.00	4.56	86.60	-0.47	20.88	0	4555	0	0	0	0	0	0	4555	219.65	-6.55	-1.20	24.13	-10.83	7.04	0.50	0.96	17.95	18.97
7/25/2023 11:28:38	0.00	0.00	0.79	0.00	0.00	0.00	0.00	0.00	0.79	88.85	-0.46	20.33	0	0	357	0	0	0	0	0	357	225.35	5.81	-7.65	4.43	-0.83	-2.05	1.52	0.97	17.95	18.92
7/25/2023 11:28:41	0.00	1.00	0.00	0.00	0.00	0.00	0.00	0.10	1.00	92.12	-0.46	19.77	0	1004	0	0	0	0	0	0	1004	233.64	7.36	-4.99	4.76	2.56	5.04	-5.00	0.97	18.00	18.85
7/25/2023 11:28:44	0.00	0.05	0.00	0.00	0.00	0.00	0.00	0.35	0.05	87.75	-0.45	19.36	0	45	0	0	0	0	0	0	45	222.55	-3.49	0.40	5.18	8.06	0.32	-5.49	0.97	18.01	18.93
7/25/2023 11:28:47	0.00	2.83	0.00	0.00	0.00	0.00	0.00	0.00	2.83	83.51	-0.44	18.97	0	2832	0	0	0	0	0	0	2832	211.80	-7.07	0.38	18.27	-0.78	1.63	-3.70	0.97	18.02	18.85
7/25/2023 11:28:50	1.21	3.40	0.00	0.00	0.00	0.00	0.00	0.00	4.62	86.62	-0.44	18.69	643	3404	0	0	0	0	0	0	4046	219.70	-5.97	1.28	9.17	3.38	16.34	2.84	0.97	18.04	18.85
7/25/2023 11:28:53	0.00	3.44	0.00	0.00	0.00	0.00	0.00	0.06	3.44	87.88	-0.44	18.45	0	3436	0	0	0	0	0	0	3436	222.88	-11.80	2.20	14.74	5.51	8.86	-2.34	0.97	18.06	18.87
7/25/2023 11:28:56	0.00	1.33	0.00	0.00	0.00	0.00	0.00	0.67	1.33	87.93	-0.44	18.20	0	1332	0	0	0	0	0	0	1332	223.00	5.49	-5.38	2.49	11.71	10.93	-4.99	0.97	18.07	18.84
7/25/2023 11:28:59	0.00	4.18	0.00	0.00	0.00	0.00	0.00	0.00	4.18	84.48	-0.43	18.03	0	4183	0	0	0	0	0	0	4183	214.26	0.69	4.78	14.20	-7.53	13.62	-6.86	0.97	18.10	18.77
7/25/2023 11:29:02	0.00	5.50	0.00	0.00	0.00	0.00	0.00	0.00	5.50	85.34	-0.43	17.85	0	5505	0	0	0	0	0	0	5505	216.44	6.75	1.55	18.21	5.18	12.61	-7.71	0.97	18.11	18.79
7/25/2023 11:29:05	0.00	2.52	1.92	0.00	0.00	0.00	0.00	0.00	4.44	84.91	-0.43	17.71	0	2516	864	0	0	0	0	0	3380	215.35	6.41	2.65	19.21	0.49	-1.03	6.33	0.97	18.15	18.80
7/25/2023 11:29:08	0.41	3.03	0.00	0.00	0.00	0.00	0.00	0.00	3.44	85.12	-0.43	17.59	218	3026	0	0	0	0	0	0	3244	215.88	-3.51	-6.08	14.60	-0.35	8.03	2.76	0.97	18.18	18.82
7/25/2023 11:29:11	0.00	1.35	0.00	0.00	0.00	0.00	0.00	0.50	1.35	81.91	-0.40	17.45	0	1354	0	0	0	0	0	0	1354	207.76	7.63	-2.49	13.14	8.17	-3.02	-1.97	0.97	18.21	18.76
7/25/2023 11:29:14	0.00	4.32	0.00	0.00	0.00	0.00	0.00	0.00	4.32	90.53	-0.45	17.36	0	4324	0	0	0	0	0	0	4324	229.60	-0.56	6.94	16.95	2.38	8.76	-13.50	0.97	18.25	18.84
7/25/2023 11:29:17	0.00	0.00	0.00	0.00	0.00	0.00	0.00	0.00	0.00	80.28	-0.46	17.26	0	0	0	0	0	0	0	0	0	203.63	-12.30	-0.67	0.05	-4.29	7.99	1.88	0.97	18.27	18.77
7/25/2023 11:29:20	0.50	0.26	0.00	1.52	0.00	0.00	0.00	0.00	2.28	81.41	-0.41	17.18	267	257	0	46	0	0	0	0	570	206.47	0.46	4.28	4.50	-0.24	9.00	6.48	0.97	18.30	18.74
7/25/2023 11:29:23	0.00	3.71	0.52	0.00	0.00	0.00	0.00	0.00	4.24	80.54	-0.45	17.11	0	3712	236	0	0	0	0	0	3949	204.29	2.52	-2.97	19.11	-5.89	6.33	6.90	0.97	18.33	18.79
7/25/2023 11:29:26	0.00	5.39	0.00	0.00	0.00	0.00	0.00	0.00	5.39	80.78	-0.46	17.03	0	5389	0	0	0	0	0	0	5389	204.88	3.81	2.68	19.44	-7.64	14.08	-8.69	0.97	18.37	18.77
7/25/2023 11:29:29	0.00	4.04	0.00	0.00	0.00	0.00	0.00	0.00	4.04	76.84	-0.41	17.01	0	4041	0	0	0	0	0	0	4041	194.90	-9.78	6.83	16.83	2.26	8.95	-2.35	0.97	18.41	18.79
7/25/2023 11:29:32	0.00	3.74	0.00	0.00	0.00	0.00	0.00	0.00	3.74	74.49	-0.42	16.99	0	3738	0	0	0	0	0	0	3738	188.93	-9.50	-4.02	20.48	-10.33	7.58	6.48	0.97	18.45	18.77
7/25/2023 11:29:35	0.00	4.15	0.00	0.00	0.00	0.00	0.00	0.00	4.15	76.21	-0.45	16.93	0	4153	0	0	0	0	0	0	4153	193.31	-7.68	3.26	15.36	-3.97	13.30	-6.39	0.97	18.48	18.80
7/25/2023 11:29:38	0.00	1.86	0.00	0.91	0.00	0.00	0.00	0.00	2.77	74.96	-0.43	16.88	0	1858	0	27	0	0	0	0	1886	190.12	8.60	5.52	9.00	-0.14	7.14	-1.70	0.97	18.52	18.79
7/25/2023 11:29:41	0.00	6.24	0.00	0.00	0.00	0.00	0.00	0.00	6.24	76.03	-0.42	16.82	0	6241	0	0	0	0	0	0	6241	192.84	2.42	4.87	15.07	-1.61	22.45	-1.34	0.97	18.57	18.74
7/25/2023 11:29:44	3.10	2.28	0.00	0.00	0.00	0.00	0.00	0.00	5.38	72.19	-0.44	16.77	1644	2277	0	0	0	0	0	0	3921	183.12	-4.54	7.32	8.73	2.99	11.86	8.24	0.97	18.57	18.77
7/25/2023 11:29:47	0.00	4.65	0.00	0.00	0.00	0.00	0.00	0.23	4.65	74.11	-0.44	16.72	0	4653	0	0	0	0	0	0	4653	187.98	0.40	10.43	20.67	6.06	5.07	0.17	0.97	18.62	18.76
7/25/2023 11:29:49	0.00	0.00	0.00	0.00	0.00	0.00	0.00	0.00	0.00	72.22	-0.42	16.65	0	0	0	0	0	0	0	0	0	183.19	2.81	-11.42	-0.17	-10.17	9.90	-0.34	0.97	18.63	18.80
7/25/2023 11:29:52	0.00	3.33	0.00	0.00	0.00	0.00	0.00	0.00	3.33	69.08	-0.45	16.60	0	3334	0	0	0	0	0	0	3334	175.22	8.19	-11.22	11.75	-7.72	13.23	-8.17	0.97	18.69	18.79
7/25/2023 11:29:56	0.00	4.01	0.00	1.39	0.00	0.00	0.00	0.00	5.41	71.67	-0.46	16.55	0	4012	0	42	0	0	0	0	4054	181.78	10.59	4.05	17.51	-0.58	11.53	2.68	0.97	18.71	18.76
7/25/2023 11:29:59	0.00	5.63	0.00	0.00	0.00	0.00	0.00	0.00	5.63	65.93	-0.43	16.53	0	5631	0	0	0	0	0	0	5631	167.24	-5.56	13.27	19.82	2.43	12.72	-13.67	0.97	18.74	18.79
7/25/2023 11:30:01	0.00	1.70	0.00	0.00	0.00	0.00	0.00	0.00	1.70	66.77	-0.43	16.51	0	1695	0	0	0	0	0	0	1695	169.36	-5.74	11.40	2.01	-6.91	13.79	-1.90	0.97	18.77	18.76
7/25/2023 11:30:04	0.00	4.24	0.00	0.00	0.00	0.00	0.00	0.00	4.24	73.22	-0.42	16.49	0	4240	0	0	0	0	0	0	4240	185.72	-9.32	11.80	11.76	1.71	15.39	-3.79	0.97	18.79	18.77
7/25/2023 11:30:07	1.41	3.15	0.00	0.00	0.00	0.00	0.00	0.00	4.56	62.29	-0.45	16.44	746	3153	0	0	0	0	0	0	3900	158.02	0.04	8.14	13.30	2.44	7.74	3.39	0.97	18.84	18.80
7/25/2023 11:30:10	0.00	5.44	1.14	0.00	0.00	0.00	0.00	0.00	6.58	61.77	-0.46	16.39	0	5435	515	0	0	0	0	0	5950	156.69	10.24	-3.38	18.23	2.39	15.37	1.22	0.97	18.87	18.77
7/25/2023 11:30:13	0.00	2.87	0.00	0.00	0.00	0.00	0.00	0.00	2.87	67.67	-0.42	16.38	0	2870	0	0	0	0	0	0	2870	171.64	-3.21	0.72	9.09	2.32	11.66	-12.74	0.97	18.90	18.84
7/25/2023 11:30:16	0.00	2.20	0.00	0.00	0.00	0.00	0.00	0.18	2.20	67.15	-0.43	16.35	0	2198	0	0	0	0	0	0	2198	170.33	5.42	10.24	13.79	7.09	-2.11	-8.44	0.97	18.92	18.79
7/25/2023 11:30:19	0.00	4.80	0.00	0.00	0.00	0.00	0.00	0.00	4.80	63.70	-0.47	16.29	0	4802	0	0	0	0	0	0	4802	161.59	-7.31	-2.90	22.38	4.53	7.42	-2.86	0.96	18.94	18.79
7/25/2023 11:30:22	0.00	1.33	0.00	0.00	0.00	0.00	0.00	0.00	1.33	63.48	-0.42	16.26	0	1333	0	0	0	0	0	0	1333	161.03	-9.11	0.34	10.02	-5.89	4.55	-0.33	0.97	18.96	18.76
7/25/2023 11:30:25	0.85	4.27	0.00	0.92	0.00	0.00	0.00	0.00	6.03	65.31	-0.46	16.22	449	4267	0	27	0	0	0	0	4744	165.66	-0.99	2.24	15.15	-9.11	19.49	13.74	0.97	18.99	18.77
7/25/2023 11:30:28	0.63	5.46	0.00	0.00	0.00	0.00	0.00	0.00	6.09	65.14	-0.40	16.24	336	5458	0	0	0	0	0	0	5793	165.25	-1.14	3.08	20.24	-3.14	13.92	6.29	0.97	19.02	18.82
7/25/2023 11:30:31	0.00	4.37	0.00	0.00	0.00	0.00	0.00	0.80	4.37	68.02	-0.41	16.24	0	4375	0	0	0	0	0	0	4375	172.53	3.79	-0.75	21.40	12.74	5.22	3.33	0.97	19.04	18.82
7/25/2023 11:30:34	0.04	2.57	0.80	0.65	0.00	0.00	0.00	0.00	4.06	61.71	-0.42	16.22	23	2565	362	20	0	0	0	0	2970	156.53	2.60	8.74	12.85	0.39	7.47	5.69	0.97	19.05	18.85
7/25/2023 11:30:37	0.00	3.28	0.00	0.00	0.00	0.00	0.00	0.09	3.28	66.73	-0.43	16.18	0	3276	0	0	0	0	0	0	3276	169.26	2.80	3.24	12.61	4.44	7.57	-4.23	0.97	19.12	18.87
7/25/2023 11:30:40	0.00	4.14	2.78	0.00	0.00	0.00	0.00	0.00	6.92	62.93	-0.43	16.19	0	4138	1253	0	0	0	0	0	5391	159.63	16.10	-1.53	23.96	-1.09	3.61	7.41	0.97	19.12	18.82
7/25/2023 11:30:43	0.00	3.80	0.00	0.00	0.00	0.00	0.00	0.00	3.80	65.01	-0.42	16.17	0	3803	0	0	0	0	0	0	3803	164.91	-5.75	5.64	13.08	4.48	11.17	-9.52	0.97	19.16	18.84
7/25/2023 11:30:46	0.00	3.54	0.00	0.00	0.00	0.00	0.00	0.00	3.54	57.15	-0.40	16.18	0	3541	0	0	0	0	0	0	3541	144.98	3.57	-0.84	14.34	0.55	8.03	-2.29	0.97	19.18	18.77
7/25/2023 11:30:49	0.00	4.24	0.00	0.00	0.00	0.00	0.00	0.72	4.24	58.93	-0.44	16.17	0	4235	0	0	0	0	0	0	4235	149.49	3.30	5.67	12.84	11.69	13.56	1.75	0.97	19.18	18.79
7/25/2023 11:30:52	0.00	4.61	0.00	0.10	0.00	0.00	0.00	0.43	4.71	65.18	-0.43	16.16	0	4613	0	3	0	0	0	0	4616	165.34	6.85	3.83	14.20	8.66	13.54	-1.09	0.97	19.22	18.84
7/25/2023 11:30:55	0.00	5.58	0.00	0.00	0.00	0.00	0.00	0.24	5.58	59.07	-0.42	16.14	0	5585	0	0	0	0	0	0	5585	149.85	-2.31	-5.54	21.42	6.67	13.16	0.98	0.97	19.25	18.84
7/25/2023 11:30:58	0.00	2.91	0.00	0.00	0.00	0.00	0.00	0.00	2.91	58.92	-0.43	16.15	0	2915	0	0	0	0	0	0	2915	149.46	-0.75	4.62	14.30	-9.53	6.48	6.78	0.97	19.25	18.82
7/25/2023 11:31:01	0.00	3.31	0.16	1.08	0.00	0.00	0.00	0.00	4.55	59.15	-0.43	16.12	0	3314	71	32	0	0	0	0	3417	150.06	7.56	-2.34	12.91	-0.47	13.70	3.21	0.97	19.28	18.84
7/25/2023 11:31:04	0.00	3.28	0.00	0.00	0.00	0.00	0.00	0.41	3.28	60.44	-0.42	16.11	0	3282	0	0	0	0	0	0	3282	153.31	-5.01	7.20	11.17	7.64	11.00	1.79	0.97	19.31	18.85
7/25/2023 11:31:07	0.00	3.62	0.00	0.00	0.00	0.00	0.00	0.00	3.62	61.04	-0.42	16.11	0	3618	0	0	0	0	0	0	3618	154.85	-0.42	13.68	19.53	-0.42	0.45	-1.89	0.97	19.32	18.85
7/25/2023 11:31:10	0.00	2.93	0.00	0.00	0.00	0.00	0.00	0.00	2.93	59.82	-0.42	16.08	0	2925	0	0	0	0	0	0	2925	151.74	-3.80	-3.65	8.31	-6.48	15.73	-3.37	0.97	19.36	18.87
7/25/2023 11:31:13	0.78	4.05	0.00	0.00	0.00	0.00	0.00	0.00	4.83	61.11	-0.45	16.10	414	4054	0	0	0	0	0	0	4468	155.03	-1.48	-3.85	19.33	-7.49	9.50	9.20	0.97	19.38	18.90
7/25/2023 11:31:16	0.00	0.00	2.33	0.00	0.00	0.00	0.00	0.00	2.33	65.02	-0.45	16.13	0	0	1049	0	0	0	0	0	1049	164.92	6.95	-2.77	7.02	-1.05	-0.69	7.44	0.97	19.40	18.87
7/25/2023 11:31:19	0.39	0.00	0.54	0.00	0.00	0.00	0.00	0.00	0.93	58.70	-0.40	16.11	207	0	243	0	0	0	0	0	450	148.91	0.57	-8.77	3.88	-5.34	5.22	6.15	0.97	19.40	18.90
7/25/2023 11:31:22	2.57	2.01	0.00	1.24	0.00	0.00	0.00	0.00	5.82	56.24	-0.48	16.12	1363	2011	0	37	0	0	0	0	3411	142.67	1.82	-1.15	8.42	2.22	16.40	10.75	0.96	19.43	18.92
7/25/2023 11:31:25	1.13	5.53	0.00	0.00	0.00	0.00	0.00	0.00	6.66	56.69	-0.44	16.12	596	5534	0	0	0	0	0	0	6130	143.82	-5.33	-2.64	26.59	1.46	8.39	5.46	0.97	19.46	18.92
7/25/2023 11:31:28	0.00	6.06	0.00	0.00	0.00	0.00	0.00	0.00	6.06	60.76	-0.43	16.12	0	6063	0	0	0	0	0	0	6063	154.13	6.35	3.95	20.70	-1.54	14.07	-6.79	0.97	19.47	18.90
7/25/2023 11:31:31	0.00	4.01	0.00	0.84	0.00	0.00	0.00	0.00	4.85	61.89	-0.43	16.11	0	4010	0	25	0	0	0	0	4035	157.00	11.88	-1.62	16.08	-9.02	13.31	4.00	0.97	19.48	18.85
7/25/2023 11:31:34	0.00	3.22	0.00	0.00	0.00	0.00	0.00	0.00	3.22	55.22	-0.39	16.08	0	3218	0	0	0	0	0	0	3218	140.09	-0.96	-7.23	13.95	-2.49	9.54	0.12	0.97	19.49	18.90
7/25/2023 11:31:37	0.17	5.47	0.26	0.00	0.00	0.00	0.00	0.22	5.90	59.60	-0.44	16.06	90	5472	115	0	0	0	0	0	5676	151.19	4.39	-6.07	21.79	5.86	11.57	2.25	0.97	19.51	18.87
7/25/2023 11:31:40	0.00	3.16	0.00	0.00	0.00	0.00	0.00	0.00	3.16	61.37	-0.44	16.06	0	3157	0	0	0	0	0	0	3157	155.67	-7.10	4.50	17.34	-7.20	5.13	4.41	0.97	19.54	18.90
7/25/2023 11:31:43	0.00	8.16	0.00	0.00	0.00	0.00	0.00	0.00	8.16	62.64	-0.43	16.07	0	8163	0	0	0	0	0	0	8163	158.89	5.33	10.56	26.65	-11.10	20.03	1.47	0.97	19.55	18.90
7/25/2023 11:31:46	3.46	3.70	0.00	0.00	0.00	0.00	0.00	0.00	7.16	60.25	-0.48	16.12	1835	3700	0	0	0	0	0	0	5535	152.83	-1.09	-0.12	13.94	1.56	15.34	10.69	0.96	19.56	18.82
7/25/2023 11:31:49	0.00	4.57	0.00	0.00	0.00	0.00	0.00	0.00	4.57	56.52	-0.44	16.10	0	4573	0	0	0	0	0	0	4573	143.38	-1.45	1.51	21.76	-0.64	6.19	-8.90	0.97	19.59	18.90
7/25/2023 11:31:52	0.00	5.63	0.00	0.00	0.00	0.00	0.00	0.14	5.63	57.41	-0.49	16.12	0	5630	0	0	0	0	0	0	5630	145.65	1.40	-1.55	22.33	4.72	10.68	0.82	0.96	19.60	18.87
7/25/2023 11:31:55	0.00	5.61	0.00	1.09	0.00	0.00	0.00	0.00	6.70	58.21	-0.42	16.12	0	5614	0	33	0	0	0	0	5646	147.66	5.97	2.11	18.88	-3.63	19.67	5.90	0.97	19.61	18.90
7/25/2023 11:31:58	0.00	3.57	0.00	0.00	0.00	0.00	0.00	0.00	3.57	57.24	-0.46	16.15	0	3567	0	0	0	0	0	0	3567	145.20	9.06	2.67	16.90	-6.37	4.86	-1.93	0.97	19.64	18.90
7/25/2023 11:32:01	0.00	4.83	0.24	0.00	0.00	0.00	0.00	0.00	5.07	55.92	-0.46	16.18	0	4828	109	0	0	0	0	0	4938	141.86	3.95	-0.50	24.18	-4.53	4.95	4.85	0.97	19.65	18.93
7/25/2023 11:32:03	0.00	2.73	0.00	0.00	0.00	0.00	0.00	0.00	2.73	55.48	-0.41	16.19	0	2734	0	0	0	0	0	0	2734	140.74	-8.54	-2.98	15.67	-3.48	5.95	-6.06	0.97	19.68	18.87
7/25/2023 11:32:06	2.41	2.70	0.00	0.00	0.00	0.00	0.00	0.00	5.11	57.65	-0.46	16.22	1277	2700	0	0	0	0	0	0	3977	146.25	1.88	-0.22	15.01	3.83	5.50	5.14	0.97	19.69	18.95
7/25/2023 11:32:10	0.21	4.31	0.00	0.00	0.00	0.00	0.00	0.00	4.52	63.17	-0.43	16.23	113	4307	0	0	0	0	0	0	4420	160.24	-7.14	-4.96	14.97	-2.05	15.64	4.33	0.97	19.69	18.95
7/25/2023 11:32:13	1.50	3.39	0.00	0.00	0.00	0.00	0.00	0.00	4.88	62.70	-0.42	16.24	793	3388	0	0	0	0	0	0	4181	159.04	-1.56	-4.65	20.72	4.03	2.69	3.20	0.97	19.71	18.88
7/25/2023 11:32:15	0.26	1.02	2.11	0.00	0.00	0.00	0.00	0.16	3.39	58.93	-0.43	16.24	138	1018	948	0	0	0	0	0	2104	149.48	4.08	2.55	11.35	6.40	0.58	6.53	0.97	19.72	18.90
7/25/2023 11:32:18	0.00	5.37	0.00	0.00	0.00	0.00	0.00	0.42	5.37	58.15	-0.42	16.23	0	5365	0	0	0	0	0	0	5365	147.51	2.56	-2.47	20.93	8.23	11.33	1.71	0.97	19.76	19.05
7/25/2023 11:32:21	0.00	0.59	0.00	2.41	0.00	0.00	0.00	0.00	2.99	58.34	-0.42	16.29	0	587	0	72	0	0	0	0	659	147.99	3.84	0.88	0.46	1.32	19.10	3.36	0.97	19.76	18.93
7/25/2023 11:32:24	2.33	3.77	0.00	0.00	0.00	0.00	0.00	0.00	6.10	56.35	-0.43	16.33	1235	3770	0	0	0	0	0	0	5006	142.95	-9.31	5.46	17.02	0.41	11.20	9.26	0.97	19.78	18.95
7/25/2023 11:32:27	0.00	7.26	0.00	0.00	0.00	0.00	0.00	0.00	7.26	55.57	-0.42	16.36	0	7256	0	0	0	0	0	0	7256	140.97	-12.28	-5.87	22.18	-1.31	25.14	-5.62	0.97	19.79	18.93
7/25/2023 11:32:30	0.00	4.96	0.00	0.00	0.00	0.00	0.00	0.00	4.96	57.47	-0.43	16.37	0	4961	0	0	0	0	0	0	4961	145.80	0.49	0.57	26.39	-9.29	4.86	-13.40	0.97	19.81	18.95
7/25/2023 11:32:33	0.00	3.92	0.00	0.00	0.00	0.00	0.00	0.00	3.92	62.44	-0.43	16.32	0	3922	0	0	0	0	0	0	3922	158.38	-16.36	12.93	18.94	5.82	5.29	-8.04	0.97	19.81	18.92
7/25/2023 11:32:36	0.00	2.44	0.00	0.00	0.00	0.00	0.00	0.46	2.44	62.36	-0.43	16.28	0	2440	0	0	0	0	0	0	2440	158.19	-5.72	-4.70	10.23	9.59	9.61	-1.68	0.97	19.84	18.95
7/25/2023 11:32:39	0.00	5.32	0.00	0.00	0.00	0.00	0.00	0.52	5.32	61.76	-0.42	16.19	0	5318	0	0	0	0	0	0	5318	156.67	2.76	-4.48	24.31	12.21	7.02	-2.87	0.97	19.86	18.97
7/25/2023 11:32:42	0.13	5.41	0.00	0.00	0.00	0.00	0.00	0.00	5.54	61.24	-0.43	16.16	68	5409	0	0	0	0	0	0	5476	155.36	-11.26	-3.15	26.93	-6.13	8.77	8.41	0.97	19.88	18.97
7/25/2023 11:32:45	0.00	3.08	0.00	0.00	0.00	0.00	0.00	0.00	3.08	57.26	-0.42	16.13	0	3078	0	0	0	0	0	0	3078	145.25	11.30	2.58	18.29	-12.34	1.65	-10.73	0.97	19.89	18.98
7/25/2023 11:32:48	0.00	4.79	0.00	0.00	0.00	0.00	0.00	0.00	4.79	64.87	-0.42	16.14	0	4786	0	0	0	0	0	0	4786	164.54	-7.81	5.06	23.67	-15.91	9.27	-0.22	0.97	19.89	18.95
7/25/2023 11:32:51	2.56	1.95	0.00	1.42	0.00	0.00	0.00	0.00	5.94	93.06	-0.15	19.99	1359	1949	0	43	0	0	0	0	3351	236.02	2.37	4.21	9.61	5.05	13.71	9.42	1.00	19.92	18.98
7/25/2023 11:32:54	0.00	1.82	2.31	1.00	0.00	0.00	0.00	0.00	5.14	100.00	0.03	23.79	0	1823	1040	30	0	0	0	0	2893	304.16	10.05	0.78	10.24	5.91	10.01	6.22	1.01	19.92	18.92
7/25/2023 11:32:57	4.75	0.16	0.44	1.39	0.00	0.00	0.00	0.73	6.74	100.00	0.10	23.86	2520	157	199	42	0	0	0	0	2918	321.16	6.11	8.53	9.04	18.99	6.93	17.78	1.02	19.96	18.98
7/25/2023 11:33:00	5.61	0.00	2.86	0.40	0.00	0.00	0.00	0.62	8.87	100.00	0.25	23.89	2975	0	1286	12	0	0	0	0	4272	320.59	7.91	1.11	3.25	20.86	11.97	23.78	1.04	20.01	19.03
7/25/2023 11:33:03	0.00	0.00	3.91	0.79	0.00	0.00	0.00	1.20	4.70	100.00	1.28	23.76	0	0	1758	24	0	0	0	0	1782	315.95	12.97	2.38	4.59	22.97	8.10	17.15	1.14	20.06	19.16
7/25/2023 11:33:06	2.40	0.00	4.76	1.10	0.00	0.00	0.00	0.65	8.26	100.00	2.67	23.65	1273	0	2142	33	0	0	0	0	3448	314.79	11.26	3.89	7.69	21.38	10.40	23.36	1.27	20.08	19.01
7/25/2023 11:33:09	1.37	0.61	6.21	0.00	0.00	0.00	0.00	0.83	8.19	100.00	4.78	23.44	727	609	2795	0	0	0	0	0	4131	315.78	11.66	2.22	8.57	23.28	10.04	23.59	1.48	20.11	18.95
7/25/2023 11:33:12	2.18	0.23	5.27	0.75	0.00	0.00	0.00	0.86	8.43	100.00	6.67	23.32	1158	231	2370	23	0	0	0	0	3781	314.61	11.85	3.52	8.53	24.19	10.45	24.62	1.66	20.16	19.00
7/25/2023 11:33:15	1.66	0.34	4.80	0.86	0.00	0.00	0.00	0.94	7.66	100.00	8.27	22.98	881	344	2160	26	0	0	0	0	3411	314.97	11.45	2.46	8.16	23.72	11.02	23.08	1.82	20.19	19.01
7/25/2023 11:33:18	0.00	0.54	3.07	1.25	0.00	0.00	0.00	1.51	4.86	100.00	9.81	19.57	0	536	1383	37	0	0	0	0	1957	317.01	10.62	2.50	7.63	26.05	10.79	19.38	1.97	20.21	19.00
7/25/2023 11:33:21	0.00	0.49	0.00	1.00	0.00	0.00	0.00	1.52	1.49	100.00	11.27	15.47	0	488	0	30	0	0	0	0	518	320.59	6.26	1.58	5.35	20.46	7.90	10.20	2.12	20.26	19.01
7/25/2023 11:33:24	0.00	0.58	0.00	0.89	0.00	0.00	0.00	1.48	1.47	100.00	11.73	14.40	0	579	0	27	0	0	0	0	606	320.59	5.90	1.61	5.33	19.84	7.94	9.67	2.16	20.26	19.01
7/25/2023 11:33:27	0.00	0.56	0.00	0.75	0.00	0.00	0.00	1.35	1.31	100.00	12.86	13.51	0	560	0	22	0	0	0	0	583	320.71	5.19	1.40	4.87	17.99	7.66	8.56	2.27	20.27	19.05
7/25/2023 11:33:30	0.00	0.49	0.00	0.72	0.00	0.00	0.00	1.26	1.20	100.00	14.51	11.84	0	485	0	22	0	0	0	0	507	322.13	4.86	1.25	4.64	16.69	7.30	8.01	2.43	20.28	19.09
7/25/2023 11:33:33	0.00	0.33	0.00	0.94	0.00	0.00	0.00	1.09	1.27	100.00	15.95	10.56	0	328	0	28	0	0	0	0	356	322.53	4.70	1.22	4.57	14.77	7.21	7.77	2.57	20.27	19.08
7/25/2023 11:33:36	0.00	0.18	0.00	0.96	0.00	0.00	0.00	0.94	1.14	100.00	17.61	9.20	0	183	0	29	0	0	0	0	212	322.54	4.23	1.22	4.21	12.82	6.74	7.05	2.74	20.27	19.09
7/25/2023 11:33:39	0.00	0.34	0.00	0.69	0.00	0.00	0.00	0.89	1.03	100.00	19.46	8.14	0	338	0	21	0	0	0	0	358	323.26	3.67	0.82	4.12	11.87	6.60	6.09	2.92	20.27	19.11
7/25/2023 11:33:42	0.00	0.37	0.00	0.61	0.00	0.00	0.00	0.89	0.98	100.00	20.83	7.74	0	372	0	18	0	0	0	0	390	322.91	3.48	0.95	4.04	11.81	6.56	5.86	3.05	20.26	19.09
7/25/2023 11:33:45	0.00	0.39	0.00	0.61	0.00	0.00	0.00	0.90	1.00	100.00	22.18	7.49	0	391	0	18	0	0	0	0	409	322.80	3.49	1.00	4.10	11.89	6.56	5.88	3.18	20.26	19.11
7/25/2023 11:33:48	0.00	0.43	0.00	0.50	0.00	0.00	0.00	0.90	0.93	100.00	23.52	7.21	0	431	0	15	0	0	0	0	446	322.96	3.30	1.01	4.02	11.81	6.44	5.59	3.32	20.24	19.16
7/25/2023 11:33:51	0.00	0.39	0.00	0.57	0.00	0.00	0.00	0.92	0.96	100.00	24.82	7.06	0	394	0	17	0	0	0	0	411	323.19	3.47	1.00	3.99	12.07	6.57	5.81	3.44	20.23	19.16
7/25/2023 11:33:54	0.00	0.47	0.00	0.42	0.00	0.00	0.00	0.91	0.89	100.00	26.45	6.63	0	473	0	13	0	0	0	0	486	322.66	3.23	0.90	4.00	11.75	6.39	5.37	3.60	20.21	19.19
7/25/2023 11:33:57	0.00	0.54	0.00	0.30	0.00	0.00	0.00	0.91	0.83	100.00	27.92	6.32	0	535	0	9	0	0	0	0	544	322.81	2.93	0.87	4.00	11.58	6.25	5.15	3.75	20.21	19.16
7/25/2023 11:34:00	0.00	0.51	0.00	0.30	0.00	0.00	0.00	0.87	0.81	100.00	29.41	6.00	0	515	0	9	0	0	0	0	524	322.68	2.83	0.86	3.96	11.08	6.15	4.95	3.89	20.19	19.17
7/25/2023 11:34:03	0.00	0.60	0.00	0.05	0.00	0.00	0.00	0.85	0.65	100.00	31.03	5.73	0	603	0	1	0	0	0	0	604	321.72	2.27	0.70	3.74	10.47	5.86	4.18	4.05	20.17	19.16
7/25/2023 11:34:06	0.00	0.59	0.00	0.00	0.00	0.00	0.00	0.85	0.59	100.00	32.65	5.57	0	587	0	0	0	0	0	0	587	321.60	2.18	0.64	3.65	10.42	5.69	3.96	4.21	20.16	19.14
7/25/2023 11:34:09	0.00	0.56	0.00	0.00	0.00	0.00	0.00	0.82	0.56	100.00	34.38	5.48	0	555	0	0	0	0	0	0	555	321.45	2.07	0.62	3.56	10.14	5.60	3.80	4.38	20.13	19.17
7/25/2023 11:34:12	0.00	0.54	0.00	0.00	0.00	0.00	0.00	0.81	0.54	100.00	36.20	5.40	0	542	0	0	0	0	0	0	542	321.28	1.99	0.57	3.55	10.09	5.54	3.66	4.56	20.11	19.19
7/25/2023 11:34:15	0.00	0.54	0.00	0.00	0.00	0.00	0.00	0.81	0.54	100.00	37.96	5.29	0	537	0	0	0	0	0	0	537	321.93	1.97	0.64	3.51	10.07	5.54	3.63	4.73	20.09	19.17
7/25/2023 11:34:18	0.00	0.56	0.00	0.00	0.00	0.00	0.00	0.82	0.56	100.00	39.59	5.22	0	556	0	0	0	0	0	0	556	322.62	2.03	0.61	3.58	10.17	5.58	3.67	4.89	20.06	19.22
7/25/2023 11:34:21	0.00	0.58	0.00	0.00	0.00	0.00	0.00	0.81	0.58	100.00	41.16	5.14	0	583	0	0	0	0	0	0	583	322.08	1.95	0.60	3.67	10.03	5.62	3.70	5.04	20.01	19.19
7/25/2023 11:34:24	0.00	0.60	0.00	0.00	0.00	0.00	0.00	0.82	0.60	100.00	42.67	5.03	0	596	0	0	0	0	0	0	596	321.55	1.99	0.68	3.69	10.25	5.66	3.67	5.19	19.99	19.19
7/25/2023 11:34:27	0.00	0.61	0.00	0.00	0.00	0.00	0.00	0.81	0.61	100.00	44.22	4.93	0	615	0	0	0	0	0	0	615	320.48	1.92	0.60	3.76	10.05	5.68	3.59	5.34	19.95	19.16
7/25/2023 11:34:30	0.00	0.59	0.00	0.00	0.00	0.00	0.00	0.80	0.59	100.00	45.66	4.94	0	588	0	0	0	0	0	0	588	320.48	1.80	0.52	3.66	10.01	5.69	3.54	5.49	19.91	19.17
7/25/2023 11:34:33	0.00	0.58	0.00	0.00	0.00	0.00	0.00	0.81	0.58	100.00	46.16	4.94	0	584	0	0	0	0	0	0	584	320.65	1.84	0.59	3.69	10.12	5.62	3.56	5.53	19.85	19.19
7/25/2023 11:34:36	0.00	0.60	0.00	0.00	0.00	0.00	0.00	0.80	0.60	100.00	46.30	5.01	0	599	0	0	0	0	0	0	599	321.00	1.81	0.61	3.71	10.00	5.67	3.57	5.55	19.85	19.19
7/25/2023 11:34:39	0.00	0.61	0.00	0.00	0.00	0.00	0.00	0.79	0.61	100.00	45.90	5.09	0	606	0	0	0	0	0	0	606	320.46	1.81	0.57	3.74	9.88	5.64	3.40	5.51	19.77	19.16
7/25/2023 11:34:42	0.00	0.60	0.00	0.00	0.00	0.00	0.00	0.80	0.60	100.00	45.88	4.96	0	603	0	0	0	0	0	0	603	320.21	1.82	0.55	3.71	9.99	5.68	3.40	5.51	19.74	19.14
7/25/2023 11:34:45	0.00	0.62	0.00	0.00	0.00	0.00	0.00	0.79	0.62	100.00	45.84	5.05	0	616	0	0	0	0	0	0	616	320.25	1.77	0.52	3.81	9.89	5.64	3.48	5.50	19.67	19.16
7/25/2023 11:34:47	0.00	0.62	0.00	0.00	0.00	0.00	0.00	0.80	0.62	100.00	44.49	5.11	0	617	0	0	0	0	0	0	617	320.46	1.74	0.53	3.78	9.97	5.69	3.49	5.37	19.63	19.11
7/25/2023 11:34:50	0.00	0.60	0.00	0.00	0.00	0.00	0.00	0.79	0.60	100.00	42.76	5.04	0	600	0	0	0	0	0	0	600	320.34	1.83	0.55	3.70	9.89	5.68	3.52	5.20	19.57	19.06
7/25/2023 11:34:54	0.00	0.64	0.00	0.00	0.00	0.00	0.00	0.80	0.64	100.00	40.82	5.08	0	635	0	0	0	0	0	0	635	321.29	1.90	0.51	3.78	10.00	5.78	3.56	5.01	19.49	19.06
7/25/2023 11:34:57	0.00	0.63	0.00	0.00	0.00	0.00	0.00	0.82	0.63	100.00	39.05	5.21	0	628	0	0	0	0	0	0	628	322.02	1.97	0.62	3.74	10.22	5.80	3.68	4.84	19.43	19.05
7/25/2023 11:34:59	0.00	0.63	0.00	0.00	0.00	0.00	0.00	0.82	0.63	100.00	37.30	5.30	0	629	0	0	0	0	0	0	629	322.84	2.06	0.61	3.70	10.16	5.86	3.81	4.67	19.38	19.03
7/25/2023 11:35:02	0.00	0.63	0.00	0.00	0.00	0.00	0.00	0.81	0.63	100.00	35.56	5.35	0	631	0	0	0	0	0	0	631	322.34	1.99	0.62	3.78	10.05	5.76	3.76	4.50	19.32	19.00
7/25/2023 11:35:05	0.00	0.63	0.00	0.00	0.00	0.00	0.00	0.81	0.63	100.00	33.82	5.43	0	630	0	0	0	0	0	0	630	322.86	1.99	0.51	3.75	10.08	5.80	3.65	4.32	19.28	19.05
7/25/2023 11:35:08	0.00	0.67	0.00	0.00	0.00	0.00	0.00	0.83	0.67	100.00	31.87	5.48	0	672	0	0	0	0	0	0	672	322.37	2.04	0.55	3.83	10.31	5.96	3.83	4.13	19.18	19.00
7/25/2023 11:35:11	0.00	0.70	0.00	0.00	0.00	0.00	0.00	0.82	0.70	100.00	30.09	5.51	0	699	0	0	0	0	0	0	699	323.30	2.16	0.61	3.91	10.23	5.97	3.83	3.96	19.13	18.97
7/25/2023 11:35:14	0.00	0.71	0.00	0.05	0.00	0.00	0.00	0.85	0.76	100.00	28.30	5.70	0	712	0	1	0	0	0	0	714	323.09	2.35	0.68	4.00	10.54	6.16	4.16	3.78	19.07	18.93
7/25/2023 11:35:17	0.00	0.64	0.00	0.23	0.00	0.00	0.00	0.86	0.87	100.00	26.54	6.08	0	636	0	7	0	0	0	0	643	323.01	2.70	0.81	4.11	10.95	6.36	4.72	3.61	19.01	18.88
7/25/2023 11:35:20	0.00	0.62	0.00	0.39	0.00	0.00	0.00	0.88	1.01	100.00	24.78	6.39	0	625	0	12	0	0	0	0	637	323.22	3.03	0.78	4.31	11.40	6.73	5.27	3.44	18.92	18.88
7/25/2023 11:35:23	0.00	0.55	0.00	0.54	0.00	0.00	0.00	0.89	1.09	100.00	22.80	6.71	0	552	0	16	0	0	0	0	568	323.39	3.37	1.00	4.31	11.79	6.92	5.62	3.25	18.87	18.85
7/25/2023 11:35:26	0.00	0.59	0.00	0.56	0.00	0.00	0.00	0.89	1.15	100.00	21.03	7.08	0	590	0	17	0	0	0	0	606	323.07	3.48	0.98	4.43	11.82	7.04	5.61	3.07	18.80	18.88
7/25/2023 11:35:29	0.00	0.53	0.00	0.65	0.00	0.00	0.00	0.89	1.18	100.00	19.24	7.42	0	530	0	20	0	0	0	0	550	323.30	3.61	1.02	4.45	11.88	7.08	5.88	2.90	18.73	18.82
7/25/2023 11:35:32	0.00	0.50	0.00	0.67	0.00	0.00	0.00	0.88	1.17	100.00	17.45	7.81	0	504	0	20	0	0	0	0	524	322.66	3.61	1.02	4.43	11.78	7.01	5.90	2.72	18.66	18.74
7/25/2023 11:35:35	0.00	0.44	0.00	0.84	0.00	0.00	0.00	0.88	1.28	100.00	15.70	8.59	0	438	0	25	0	0	0	0	464	323.14	4.01	1.08	4.55	12.01	7.18	6.29	2.55	18.61	18.77
7/25/2023 11:35:38	0.00	0.42	0.00	1.02	0.00	0.00	0.00	0.98	1.45	100.00	13.76	10.21	0	422	0	31	0	0	0	0	453	321.97	4.66	1.17	4.91	13.54	7.52	7.39	2.36	18.56	18.71
7/25/2023 11:35:41	0.00	0.63	0.00	0.88	0.00	0.00	0.00	1.17	1.51	100.00	11.96	11.78	0	626	0	26	0	0	0	0	652	321.41	5.08	1.38	5.25	15.87	7.84	7.89	2.18	18.51	18.71
7/25/2023 11:35:44	0.00	0.68	0.00	0.83	0.00	0.00	0.00	1.31	1.51	100.00	10.15	13.57	0	681	0	25	0	0	0	0	706	320.50	5.38	1.22	5.30	17.59	8.12	8.53	2.01	18.45	18.64
7/25/2023 11:35:47	0.00	0.53	0.47	1.39	0.00	0.00	0.00	1.59	2.40	100.00	8.34	17.75	0	527	213	42	0	0	0	0	782	318.91	7.61	2.12	6.40	22.68	9.21	13.07	1.83	18.41	18.58
7/25/2023 11:35:50	0.00	0.85	4.48	0.64	0.00	0.00	0.00	1.20	5.97	100.00	6.56	21.71	0	846	2016	19	0	0	0	0	2881	315.01	10.74	2.51	8.35	23.89	10.73	20.01	1.65	18.40	18.58
7/25/2023 11:35:53	1.34	0.95	5.94	0.00	0.00	0.00	0.00	0.91	8.23	100.00	4.56	22.65	712	950	2671	0	0	0	0	0	4334	314.51	11.60	1.84	9.37	23.86	10.73	23.30	1.46	18.38	18.55
7/25/2023 11:35:56	2.19	1.00	6.40	0.00	0.00	0.00	0.00	0.65	9.58	100.00	2.74	22.97	1159	996	2880	0	0	0	0	0	5035	315.91	12.39	-0.05	11.36	22.84	10.09	24.66	1.28	18.37	18.55
7/25/2023 11:35:59	2.36	0.00	8.80	0.00	0.00	0.00	0.00	0.00	11.16	100.00	0.92	23.14	1250	0	3960	0	0	0	0	0	5210	314.03	13.76	2.54	7.40	18.19	9.67	28.10	1.10	18.37	18.56
7/25/2023 11:36:02	2.90	2.28	0.00	0.00	0.00	0.00	0.00	0.74	5.18	100.00	-0.05	23.43	1539	2277	0	0	0	0	0	0	3816	310.68	-2.95	4.78	13.63	15.29	6.53	10.12	1.01	18.36	18.43
7/25/2023 11:36:05	0.00	0.00	3.99	3.95	0.00	0.00	0.00	0.00	7.93	100.00	-0.03	23.35	0	0	1793	118	0	0	0	0	1912	310.64	16.92	8.16	8.38	12.95	12.89	17.93	1.01	18.37	18.48
7/25/2023 11:36:08	0.00	0.00	2.76	0.00	0.00	0.00	0.00	0.00	2.76	82.79	-0.46	22.67	0	0	1241	0	0	0	0	0	1241	209.99	9.66	-1.85	5.68	3.30	2.07	4.59	0.97	18.36	18.42
7/25/2023 11:36:11	0.00	0.00	0.00	3.17	0.00	0.00	0.00	0.00	3.17	81.73	-0.44	21.86	0	0	0	95	0	0	0	0	95	207.30	13.64	7.56	6.32	4.74	8.30	0.74	0.97	18.35	18.42
7/25/2023 11:36:14	0.00	0.00	0.14	0.00	0.00	0.00	0.00	0.07	0.14	82.78	-0.47	21.19	0	0	61	0	0	0	0	0	61	209.96	2.92	-1.43	2.26	0.76	1.14	-0.89	0.96	18.36	18.37
7/25/2023 11:36:17	0.00	1.49	0.00	0.00	0.00	0.00	0.00	0.00	1.49	85.14	-0.47	20.59	0	1488	0	0	0	0	0	0	1488	215.95	-1.39	-6.82	6.64	-0.43	8.09	-5.63	0.96	18.36	18.34
7/25/2023 11:36:20	0.00	0.00	0.81	0.00	0.00	0.00	0.00	0.00	0.81	89.68	-0.47	20.06	0	0	364	0	0	0	0	0	364	227.45	2.04	-1.74	1.39	0.20	0.30	2.70	0.97	18.37	18.35
7/25/2023 11:36:23	1.20	1.33	0.65	0.00	0.00	0.00	0.00	0.00	3.18	95.26	-0.44	19.52	638	1330	292	0	0	0	0	0	2260	241.59	1.76	-3.68	6.20	0.54	9.24	5.44	0.97	18.38	18.34
7/25/2023 11:36:26	0.00	2.38	0.00	0.00	0.00	0.00	0.00	0.00	2.38	93.35	-0.47	19.11	0	2375	0	0	0	0	0	0	2375	236.75	-6.85	-4.70	10.78	-1.12	8.96	0.29	0.96	18.38	18.29
7/25/2023 11:36:29	0.00	5.36	0.00	0.00	0.00	0.00	0.00	0.20	5.36	94.44	-0.46	18.74	0	5363	0	0	0	0	0	0	5363	239.51	-4.27	5.12	18.83	7.01	13.16	-0.83	0.97	18.38	18.27
7/25/2023 11:36:32	1.86	2.72	0.00	0.00	0.00	0.00	0.00	0.00	4.58	92.95	-0.46	18.43	984	2721	0	0	0	0	0	0	3705	235.75	-9.84	-2.65	11.27	1.33	12.88	6.56	0.97	18.40	18.29
7/25/2023 11:36:35	0.00	0.29	0.00	3.11	0.00	0.00	0.00	0.00	3.40	94.20	-0.45	18.17	0	292	0	93	0	0	0	0	386	238.91	2.57	14.64	6.26	1.22	11.35	8.05	0.97	18.40	18.27
7/25/2023 11:36:38	0.00	4.76	0.00	0.00	0.00	0.00	0.00	0.00	4.76	91.37	-0.45	17.91	0	4761	0	0	0	0	0	0	4761	231.74	-1.82	-5.27	18.62	-6.34	13.62	-0.87	0.97	18.42	18.26
7/25/2023 11:36:41	0.00	3.24	0.00	0.00	0.00	0.00	0.00	0.00	3.24	92.27	-0.45	17.72	0	3244	0	0	0	0	0	0	3244	234.02	6.09	3.50	11.26	-1.87	9.32	-4.31	0.97	18.43	18.24
7/25/2023 11:36:44	0.00	4.93	0.00	0.00	0.00	0.00	0.00	0.00	4.93	90.85	-0.45	17.56	0	4932	0	0	0	0	0	0	4932	230.41	10.52	6.58	22.19	0.53	3.78	-7.60	0.97	18.45	18.21
7/25/2023 11:36:47	0.36	3.23	0.00	0.00	0.00	0.00	0.00	0.00	3.59	87.38	-0.45	17.42	192	3232	0	0	0	0	0	0	3424	221.62	-2.95	1.71	12.67	-7.16	11.36	7.25	0.97	18.48	18.19
7/25/2023 11:36:50	1.63	3.46	0.00	0.00	0.00	0.00	0.00	0.00	5.09	90.81	-0.44	17.29	864	3459	0	0	0	0	0	0	4323	230.32	0.61	1.82	14.55	-4.55	10.98	9.02	0.97	18.51	18.26
7/25/2023 11:36:53	2.00	0.00	0.00	1.90	0.00	0.00	0.00	0.00	3.90	86.48	-0.45	17.19	1058	0	0	57	0	0	0	0	1115	219.34	-0.03	7.19	4.78	1.42	10.51	11.26	0.97	18.52	18.24
7/25/2023 11:36:56	0.00	3.17	0.00	0.00	0.00	0.00	0.00	0.00	3.17	84.98	-0.44	17.09	0	3172	0	0	0	0	0	0	3172	215.53	-8.37	-4.03	10.17	2.94	13.67	-3.48	0.97	18.55	18.26
7/25/2023 11:36:59	0.00	0.21	0.00	2.66	0.00	0.00	0.00	0.00	2.86	84.72	-0.44	17.02	0	206	0	80	0	0	0	0	285	214.87	2.09	2.23	0.68	-3.60	19.04	8.10	0.97	18.58	18.21
7/25/2023 11:37:02	0.00	1.68	0.00	0.00	0.00	0.00	0.00	0.00	1.68	83.70	-0.44	16.93	0	1678	0	0	0	0	0	0	1678	212.29	-5.06	2.42	13.40	-10.48	2.50	-6.65	0.97	18.59	18.26
7/25/2023 11:37:05	0.00	3.34	0.00	0.90	0.00	0.00	0.00	0.00	4.24	78.07	-0.44	16.86	0	3340	0	27	0	0	0	0	3367	198.03	0.20	11.81	9.85	-7.12	16.77	5.20	0.97	18.61	18.14
7/25/2023 11:37:08	0.00	4.48	0.00	0.00	0.00	0.00	0.00	0.49	4.48	82.41	-0.45	16.79	0	4476	0	0	0	0	0	0	4476	209.01	5.35	6.74	19.07	8.90	6.26	0.76	0.97	18.62	18.14
7/25/2023 11:37:11	0.00	5.94	0.27	0.00	0.00	0.00	0.00	0.00	6.21	80.65	-0.44	16.73	0	5937	121	0	0	0	0	0	6058	204.55	7.71	2.57	22.18	-5.73	12.77	4.02	0.97	18.68	18.24
7/25/2023 11:37:14	0.00	1.35	0.69	0.00	0.00	0.00	0.00	0.00	2.04	76.72	-0.44	16.68	0	1352	310	0	0	0	0	0	1662	194.59	5.86	-0.44	11.68	1.36	-0.72	-0.52	0.97	18.68	18.22
7/25/2023 11:37:17	0.00	1.00	0.00	0.00	0.00	0.00	0.00	0.00	1.00	79.17	-0.43	16.61	0	998	0	0	0	0	0	0	998	200.81	-2.70	-7.82	10.71	-11.22	3.04	5.41	0.97	18.73	18.19
7/25/2023 11:37:19	0.00	6.72	0.00	0.00	0.00	0.00	0.00	0.00	6.72	76.44	-0.44	16.58	0	6722	0	0	0	0	0	0	6722	193.87	5.88	0.50	23.58	0.98	14.39	-2.21	0.97	18.74	18.21
7/25/2023 11:37:23	0.00	5.01	0.00	0.00	0.00	0.00	0.00	0.00	5.01	75.59	-0.44	16.53	0	5010	0	0	0	0	0	0	5010	191.72	0.05	-1.77	27.85	4.07	0.23	-2.01	0.97	18.76	18.24
7/25/2023 11:37:26	3.91	1.28	0.18	0.00	0.00	0.00	0.00	0.00	5.37	76.23	-0.41	16.49	2071	1280	82	0	0	0	0	0	3433	193.35	2.49	-3.26	11.90	4.79	4.01	9.01	0.97	18.80	18.35
7/25/2023 11:37:28	0.00	3.96	0.00	0.00	0.00	0.00	0.00	1.32	3.96	70.50	-0.44	16.49	0	3956	0	0	0	0	0	0	3956	178.82	-0.60	7.31	10.66	20.01	16.16	4.77	0.97	18.81	18.19
7/25/2023 11:37:31	0.00	5.17	0.13	0.00	0.00	0.00	0.00	0.00	5.30	74.82	-0.44	16.46	0	5171	60	0	0	0	0	0	5231	189.78	9.68	-1.76	20.48	-0.73	9.44	-1.13	0.97	18.84	18.22
7/25/2023 11:37:34	0.00	5.06	0.00	0.00	0.00	0.00	0.00	0.00	5.06	70.14	-0.43	16.41	0	5064	0	0	0	0	0	0	5064	177.91	-2.96	3.35	12.94	1.04	19.03	-1.06	0.97	18.86	18.24
7/25/2023 11:37:38	0.30	5.23	0.00	0.00	0.00	0.00	0.00	0.00	5.53	72.23	-0.44	16.37	159	5225	0	0	0	0	0	0	5384	183.22	-1.81	0.34	17.95	-2.08	15.28	4.43	0.97	18.88	18.26
7/25/2023 11:37:40	0.00	3.51	0.23	0.00	0.00	0.00	0.00	0.00	3.74	72.38	-0.43	16.36	0	3505	106	0	0	0	0	0	3611	183.60	4.52	-3.64	11.83	-0.94	12.00	0.81	0.97	18.90	18.29
7/25/2023 11:37:43	0.00	3.28	0.00	0.00	0.00	0.00	0.00	0.00	3.28	65.94	-0.43	16.34	0	3282	0	0	0	0	0	0	3282	167.26	0.96	-0.79	19.89	-10.56	3.12	-3.24	0.97	18.93	18.26
7/25/2023 11:37:46	0.00	2.20	0.00	0.00	0.00	0.00	0.00	0.53	2.20	70.05	-0.43	16.31	0	2202	0	0	0	0	0	0	2202	177.67	-5.76	-0.12	11.48	9.41	6.14	1.03	0.97	18.95	18.27
7/25/2023 11:37:49	0.00	5.87	0.00	0.00	0.00	0.00	0.00	0.00	5.87	71.93	-0.43	16.29	0	5872	0	0	0	0	0	0	5872	182.44	-0.19	4.95	19.56	-8.71	17.22	-2.71	0.97	18.99	18.26
7/25/2023 11:37:52	0.00	0.56	2.35	2.16	0.00	0.00	0.00	0.00	5.07	65.60	-0.43	16.25	0	561	1057	65	0	0	0	0	1683	166.41	9.70	5.02	10.70	0.88	8.29	14.10	0.97	18.99	18.22
7/25/2023 11:37:55	0.00	5.15	2.14	0.00	0.00	0.00	0.00	0.00	7.30	66.92	-0.43	16.24	0	5154	965	0	0	0	0	0	6119	169.74	9.95	2.75	19.31	-4.34	14.94	9.85	0.97	19.02	18.26
7/25/2023 11:37:58	0.00	2.84	0.00	0.00	0.00	0.00	0.00	0.40	2.84	60.31	-0.43	16.21	0	2836	0	0	0	0	0	0	2836	152.98	2.53	1.86	12.61	10.75	5.55	-7.55	0.97	19.04	18.26
7/25/2023 11:38:01	0.00	7.18	0.00	0.00	0.00	0.00	0.00	0.00	7.18	67.69	-0.43	16.22	0	7177	0	0	0	0	0	0	7177	171.71	-2.63	8.03	18.12	3.59	23.57	-5.83	0.97	19.04	18.26
7/25/2023 11:38:04	0.00	7.64	0.00	0.00	0.00	0.00	0.00	0.00	7.64	61.37	-0.43	16.21	0	7642	0	0	0	0	0	0	7642	155.68	-5.77	1.00	25.80	3.93	19.00	-8.14	0.97	19.07	18.27
7/25/2023 11:38:07	0.00	4.18	0.00	0.00	0.00	0.00	0.00	0.00	4.18	64.63	-0.43	16.21	0	4184	0	0	0	0	0	0	4184	163.95	-0.86	3.99	20.45	-9.26	6.54	4.56	0.97	19.10	18.27
7/25/2023 11:38:10	0.00	3.84	0.00	0.00	0.00	0.00	0.00	0.00	3.84	64.77	-0.43	16.19	0	3837	0	0	0	0	0	0	3837	164.30	-2.17	-5.72	14.62	1.12	11.51	-3.06	0.97	19.09	18.30
7/25/2023 11:38:13	0.12	2.71	3.33	0.00	0.00	0.00	0.00	0.00	6.16	61.82	-0.43	16.19	63	2710	1499	0	0	0	0	0	4272	156.82	6.21	2.14	13.04	6.85	9.52	8.86	0.97	19.14	18.32
7/25/2023 11:38:16	0.00	4.28	0.00	0.00	0.00	0.00	0.00	0.00	4.28	63.63	-0.43	16.19	0	4275	0	0	0	0	0	0	4275	161.40	-0.40	-6.99	13.90	-17.96	19.24	4.08	0.97	19.14	18.29
7/25/2023 11:38:19	0.00	2.23	0.00	0.00	0.00	0.00	0.00	0.00	2.23	59.65	-0.43	16.18	0	2229	0	0	0	0	0	0	2229	151.30	-0.47	-0.97	14.90	-0.05	0.85	-3.72	0.97	19.18	18.34
7/25/2023 11:38:22	0.00	5.44	0.05	0.00	0.00	0.00	0.00	0.00	5.49	62.56	-0.42	16.15	0	5436	22	0	0	0	0	0	5459	158.68	2.37	1.13	22.10	-6.89	11.11	6.40	0.97	19.19	18.34
7/25/2023 11:38:25	0.00	3.29	0.00	0.00	0.00	0.00	0.00	0.00	3.29	61.49	-0.43	16.14	0	3294	0	0	0	0	0	0	3294	155.97	-2.20	2.69	20.13	-4.20	1.35	-3.15	0.97	19.22	18.32
7/25/2023 11:38:28	0.00	0.00	0.00	0.00	0.00	0.00	0.00	0.00	0.00	61.83	-0.43	16.14	0	3	0	0	0	0	0	0	3	156.84	-5.65	-0.80	0.59	-4.01	7.43	-4.28	0.97	19.22	18.32
7/25/2023 11:38:31	0.00	3.64	0.00	0.00	0.00	0.00	0.00	0.00	3.64	60.45	-0.43	16.11	0	3639	0	0	0	0	0	0	3639	153.35	4.52	-9.29	16.38	-8.62	9.78	-1.33	0.97	19.24	18.32
7/25/2023 11:38:34	0.00	3.35	0.52	0.00	0.00	0.00	0.00	0.00	3.87	59.75	-0.43	16.12	0	3348	233	0	0	0	0	0	3582	151.56	5.41	-7.77	10.72	-1.82	13.86	2.16	0.97	19.24	18.35
7/25/2023 11:38:37	0.00	9.75	0.00	0.00	0.00	0.00	0.00	0.00	9.75	61.67	-0.43	16.10	0	9753	0	0	0	0	0	0	9753	156.45	6.80	3.15	29.87	4.49	22.77	-2.59	0.97	19.29	18.30
7/25/2023 11:38:40	0.00	2.17	0.55	0.00	0.00	0.00	0.00	0.09	2.71	60.68	-0.47	16.14	0	2168	246	0	0	0	0	0	2414	153.92	8.81	0.84	10.89	3.89	3.71	-2.61	0.96	19.29	18.35
7/25/2023 11:38:43	0.00	3.98	0.00	0.00	0.00	0.00	0.00	0.00	3.98	58.24	-0.44	16.15	0	3981	0	0	0	0	0	0	3981	147.74	5.73	3.91	16.16	-6.47	8.54	2.19	0.97	19.29	18.30
7/25/2023 11:38:46	3.39	4.35	0.00	0.00	0.00	0.00	0.00	0.00	7.74	58.29	-0.49	16.16	1797	4354	0	0	0	0	0	0	6151	147.86	-10.94	4.04	13.74	4.48	19.94	9.97	0.96	19.29	18.26
7/25/2023 11:38:49	0.00	4.67	0.00	0.00	0.00	0.00	0.00	0.48	4.67	57.40	-0.46	16.13	0	4670	0	0	0	0	0	0	4670	145.60	3.95	3.40	22.65	9.04	3.90	1.28	0.97	19.32	18.32
7/25/2023 11:38:52	0.00	4.22	0.64	0.00	0.00	0.00	0.00	0.00	4.86	58.64	-0.43	16.15	0	4223	287	0	0	0	0	0	4510	148.75	5.52	2.95	20.85	2.68	3.74	0.58	0.97	19.33	18.29
7/25/2023 11:38:55	0.00	4.26	0.00	0.00	0.00	0.00	0.00	0.00	4.26	58.79	-0.43	16.10	0	4262	0	0	0	0	0	0	4262	149.14	-15.74	4.05	15.66	-4.73	15.41	-7.05	0.97	19.38	18.42
7/25/2023 11:38:58	0.00	4.32	0.00	0.00	0.00	0.00	0.00	0.00	4.32	55.62	-0.43	16.11	0	4320	0	0	0	0	0	0	4320	141.09	5.47	4.95	19.50	-5.20	6.44	-10.46	0.97	19.38	18.34
7/25/2023 11:39:01	0.00	2.24	0.00	0.59	0.00	0.00	0.00	0.16	2.83	59.26	-0.45	16.10	0	2240	0	18	0	0	0	0	2258	150.32	8.45	1.79	9.46	4.82	7.60	-2.38	0.97	19.39	18.39
7/25/2023 11:39:04	0.00	3.66	0.00	0.00	0.00	0.00	0.00	0.00	3.66	59.43	-0.48	16.12	0	3663	0	0	0	0	0	0	3663	150.76	-2.83	4.45	10.84	-4.40	14.50	0.28	0.96	19.40	18.39
7/25/2023 11:39:07	0.00	3.60	0.00	0.00	0.00	0.00	0.00	0.00	3.60	56.88	-0.37	16.14	0	3603	0	0	0	0	0	0	3603	144.31	5.00	-1.49	21.70	-4.97	0.67	-3.61	0.97	19.43	18.32
7/25/2023 11:39:10	0.00	5.76	0.00	0.00	0.00	0.00	0.00	0.00	5.76	57.25	-0.43	16.11	0	5756	0	0	0	0	0	0	5756	145.24	13.77	-0.67	18.80	-7.90	15.34	-4.55	0.97	19.45	18.40
7/25/2023 11:39:13	5.15	2.61	0.00	0.00	0.00	0.00	0.00	0.00	7.75	56.98	-0.46	16.10	2727	2607	0	0	0	0	0	0	5334	144.55	-5.14	6.70	14.27	8.81	9.16	10.90	0.97	19.48	18.53
7/25/2023 11:39:16	0.00	2.42	0.00	0.00	0.00	0.00	0.00	0.00	2.42	56.52	-0.33	16.08	0	2423	0	0	0	0	0	0	2423	143.37	-7.19	10.57	15.22	-4.00	1.64	0.45	0.98	19.46	18.43
7/25/2023 11:39:19	1.39	6.06	0.00	0.00	0.00	0.00	0.00	0.00	7.46	60.10	-0.47	16.10	739	6065	0	0	0	0	0	0	6804	152.46	-3.01	-1.52	25.88	0.48	12.24	6.84	0.96	19.50	18.45
7/25/2023 11:39:22	0.00	5.21	0.00	0.61	0.00	0.00	0.00	0.00	5.83	56.99	-0.47	16.09	0	5213	0	18	0	0	0	0	5232	144.57	8.51	2.39	18.88	-3.00	14.30	2.35	0.96	19.49	18.37
7/25/2023 11:39:25	0.00	5.56	0.00	0.00	0.00	0.00	0.00	0.00	5.56	57.59	-0.43	16.07	0	5557	0	0	0	0	0	0	5557	146.09	14.66	-1.04	21.58	-13.95	12.14	-3.51	0.97	19.49	18.50
7/25/2023 11:39:28	1.27	4.59	0.00	0.00	0.00	0.00	0.00	0.00	5.86	57.62	-0.43	16.06	671	4592	0	0	0	0	0	0	5263	146.17	1.06	5.78	17.20	2.92	11.23	3.24	0.97	19.54	18.47
7/25/2023 11:39:31	1.53	1.40	0.00	0.67	0.00	0.00	0.00	0.00	3.59	56.10	-0.48	16.06	809	1402	0	20	0	0	0	0	2230	142.32	-0.16	-0.64	4.52	3.00	13.36	4.75	0.96	19.56	18.51
7/25/2023 11:39:33	0.00	3.16	1.45	0.00	0.00	0.00	0.00	0.00	4.61	55.28	-0.47	16.07	0	3156	654	0	0	0	0	0	3810	140.23	6.16	2.34	14.28	-2.02	8.35	5.91	0.96	19.58	18.43
7/25/2023 11:39:37	0.00	3.78	0.00	0.00	0.00	0.00	0.00	0.00	3.78	56.68	-0.44	16.09	0	3781	0	0	0	0	0	0	3781	143.79	5.39	6.03	18.34	-9.38	5.62	-11.67	0.97	19.54	18.47
7/25/2023 11:39:40	0.00	4.44	0.00	0.00	0.00	0.00	0.00	0.00	4.44	56.34	-0.44	16.08	0	4440	0	0	0	0	0	0	4440	142.92	-3.01	4.48	12.77	-10.94	18.56	-6.34	0.97	19.62	18.55
7/25/2023 11:39:43	0.00	5.33	0.00	0.00	0.00	0.00	0.00	0.00	5.33	58.19	-0.43	16.11	0	5332	0	0	0	0	0	0	5332	147.61	8.30	5.21	21.50	1.37	7.32	-3.01	0.97	19.59	18.45
7/25/2023 11:39:45	0.00	3.23	0.00	0.00	0.00	0.00	0.00	0.00	3.23	58.55	-0.42	16.11	0	3234	0	0	0	0	0	0	3234	148.54	-4.47	11.26	8.63	-0.06	12.77	-2.55	0.97	19.60	18.45
7/25/2023 11:39:48	2.93	3.62	0.00	0.13	0.00	0.00	0.00	0.00	6.68	57.97	-0.42	16.09	1554	3621	0	4	0	0	0	0	5179	147.07	1.62	9.17	15.52	3.90	9.87	7.60	0.97	19.62	18.50
7/25/2023 11:39:52	0.00	3.20	0.00	0.00	0.00	0.00	0.00	0.00	3.20	59.06	-0.44	16.10	0	3201	0	0	0	0	0	0	3201	149.81	7.21	-2.80	11.91	-6.11	10.12	0.79	0.97	19.65	18.53
