Date/Time	Green Algae	Bluegreen	Diatoms	Cryptophyta	#5	#6	#7	Yellow substances	Total conc.	Transmission	Depth	Temp. Sample	Green Algae	Bluegreen	Diatoms	Cryptophyta	#5	#6	#7	Yellow substances	Total cell count	Trans. 700 nm	LED 3 [525 nm]	LED 4 [570 nm]	LED 5 [610 nm]	LED 6 [370 nm]	LED 7 [590 nm]	LED 8 [470 nm]	Pressure	Temp. LEDs	Temp. Sensor
date	µg/l	µg/l	µg/l	µg/l	µg/l	µg/l	µg/l	r.u.	µg/l	%	m	°C	cells/ml	cells/ml	cells/ml	cells/ml	cells/ml	cells/ml	cells/ml	r.u.	cells/ml	digits	digits	digits	digits	digits	digits	digits	bar	°C	°C
8/8/2023 11:54:50	0.00	3.56	0.00	0.00	0.00	0.00	0.00	0.00	3.56	93.11	0.00	20.35	0	3561	0	0	0	0	0	0	3561	236.14	2.85	-4.33	16.72	1.00	6.01	-3.11	0.96	21.46	21.48
8/8/2023 11:54:54	0.13	2.66	0.00	0.52	0.00	0.00	0.00	0.00	3.31	93.43	0.01	20.26	68	2660	0	16	0	0	0	0	2744	236.95	-0.94	9.74	10.60	-0.20	9.24	3.05	0.96	21.56	21.50
8/8/2023 11:54:56	0.00	2.42	0.00	0.00	0.00	0.00	0.00	0.00	2.42	89.86	0.01	20.24	0	2417	0	0	0	0	0	0	2417	227.91	0.93	5.29	8.30	0.19	8.29	-1.37	0.96	21.62	21.50
8/8/2023 11:54:59	0.18	2.12	0.00	0.00	0.00	0.00	0.00	0.00	2.31	93.67	0.02	20.21	97	2123	0	0	0	0	0	0	2220	237.58	-2.67	-1.61	6.75	-2.37	11.39	2.63	0.96	21.69	21.56
8/8/2023 11:55:02	0.38	2.28	1.61	0.00	0.00	0.00	0.00	0.05	4.26	85.50	0.14	21.00	202	2276	723	0	0	0	0	0	3201	216.85	4.28	-5.28	11.81	4.68	7.78	4.97	0.97	21.74	21.51
8/8/2023 11:55:05	2.28	0.00	2.14	0.99	0.00	0.00	0.00	0.81	5.40	100.00	0.27	22.56	1208	0	962	30	0	0	0	0	2200	295.86	7.14	4.44	4.92	18.25	8.61	17.26	0.98	21.83	21.56
8/8/2023 11:55:08	0.00	1.18	6.03	0.00	0.00	0.00	0.00	0.23	7.22	100.00	0.31	23.05	0	1184	2715	0	0	0	0	0	3899	296.44	10.28	1.76	9.74	13.74	9.08	16.61	0.99	21.87	21.59
8/8/2023 11:55:11	2.39	0.00	4.01	0.34	0.00	0.00	0.00	0.49	6.74	100.00	0.37	23.11	1268	0	1805	10	0	0	0	0	3083	296.42	8.08	4.70	6.23	16.76	7.31	18.69	0.99	21.95	21.54
8/8/2023 11:55:14	0.83	0.00	3.19	0.11	0.00	0.00	0.00	0.80	4.12	100.00	0.46	23.08	438	0	1435	3	0	0	0	0	1877	297.48	6.36	3.00	2.61	16.21	7.36	15.15	1.00	22.00	21.67
8/8/2023 11:55:17	0.85	0.00	4.82	1.23	0.00	0.00	0.00	0.26	6.91	100.00	0.52	23.09	450	0	2171	37	0	0	0	0	2658	296.85	10.39	1.97	6.80	14.45	10.37	18.31	1.01	22.06	21.69
8/8/2023 11:55:20	0.00	0.00	5.17	0.00	0.00	0.00	0.00	0.64	5.17	100.00	0.61	23.10	0	0	2326	0	0	0	0	0	2326	297.09	9.60	2.16	6.17	16.78	5.49	16.63	1.02	22.11	21.69
8/8/2023 11:55:23	0.00	1.11	4.56	0.00	0.00	0.00	0.00	0.75	5.67	100.00	0.61	23.10	0	1112	2051	0	0	0	0	0	3163	297.11	9.01	0.13	7.89	17.50	9.99	15.98	1.02	22.18	21.69
8/8/2023 11:55:26	1.91	0.00	3.47	1.50	0.00	0.00	0.00	0.47	6.88	100.00	0.53	23.09	1010	0	1561	45	0	0	0	0	2617	299.41	9.42	4.09	5.71	16.57	10.72	19.17	1.01	22.23	21.69
8/8/2023 11:55:29	2.03	0.00	0.00	2.81	0.00	0.00	0.00	0.74	4.84	100.00	0.50	23.09	1078	0	0	84	0	0	0	0	1162	297.54	7.73	1.57	4.23	15.86	13.46	15.16	1.01	22.26	21.72
8/8/2023 11:55:32	0.00	0.00	4.42	2.60	0.00	0.00	0.00	0.00	7.02	100.00	0.36	23.11	0	0	1987	78	0	0	0	0	2065	301.26	13.45	6.24	8.13	11.41	10.37	16.49	0.99	22.32	21.67
8/8/2023 11:55:35	3.66	0.14	3.44	0.27	0.00	0.00	0.00	0.23	7.52	100.00	0.34	23.13	1941	143	1550	8	0	0	0	0	3642	297.89	7.37	1.42	6.70	14.32	8.73	17.86	0.99	22.36	21.79
8/8/2023 11:55:38	0.00	1.12	3.66	0.00	0.00	0.00	0.00	0.98	4.78	100.00	0.34	23.12	0	1117	1649	0	0	0	0	0	2765	296.90	8.65	2.97	8.94	18.95	7.09	14.53	0.99	22.41	21.70
8/8/2023 11:55:41	0.00	0.00	4.64	0.97	0.00	0.00	0.00	0.69	5.61	100.00	0.32	23.10	0	0	2087	29	0	0	0	0	2117	301.26	11.33	2.71	3.70	17.74	9.91	17.83	0.99	22.46	21.70
8/8/2023 11:55:44	0.63	0.00	2.92	0.86	0.00	0.00	0.00	0.91	4.41	100.00	0.31	23.11	333	0	1315	26	0	0	0	0	1674	297.83	7.82	1.74	3.45	18.01	9.63	16.36	0.99	22.52	21.79
8/8/2023 11:55:47	0.80	0.00	6.39	0.25	0.00	0.00	0.00	0.02	7.43	100.00	0.28	23.10	425	0	2874	7	0	0	0	0	3306	297.73	9.60	5.30	2.70	12.26	9.21	19.61	0.98	22.56	21.80
8/8/2023 11:55:50	0.00	0.00	6.54	0.00	0.00	0.00	0.00	0.00	6.54	100.00	0.28	23.11	0	0	2941	0	0	0	0	0	2941	297.53	10.85	0.75	2.76	10.88	8.62	16.62	0.98	22.59	21.85
8/8/2023 11:55:53	0.00	0.00	4.27	1.28	0.00	0.00	0.00	0.84	5.55	100.00	0.29	23.10	0	0	1921	38	0	0	0	0	1960	301.27	11.63	3.37	5.97	19.67	9.41	18.20	0.99	22.65	21.75
8/8/2023 11:55:56	0.10	0.96	5.24	0.00	0.00	0.00	0.00	0.65	6.30	100.00	0.28	23.07	52	957	2359	0	0	0	0	0	3368	297.51	9.91	-0.69	10.43	17.58	7.07	17.39	0.98	22.69	21.80
8/8/2023 11:55:59	3.85	0.00	0.00	2.93	0.00	0.00	0.00	0.38	6.78	100.00	0.28	23.09	2042	0	0	88	0	0	0	0	2130	297.21	8.28	5.53	3.69	14.06	12.80	17.63	0.98	22.73	21.83
8/8/2023 11:56:02	2.12	0.00	0.00	2.57	0.00	0.00	0.00	0.62	4.69	100.00	0.26	23.10	1126	0	0	77	0	0	0	0	1203	291.15	7.71	2.35	4.35	14.03	11.50	14.16	0.98	22.76	21.79
8/8/2023 11:56:05	0.00	0.00	5.80	0.36	0.00	0.00	0.00	0.34	6.16	100.00	0.26	23.18	0	0	2609	11	0	0	0	0	2620	302.60	11.39	3.10	4.85	14.74	7.82	17.00	0.98	22.81	21.88
8/8/2023 11:56:08	1.68	0.00	5.38	0.00	0.00	0.00	0.00	0.15	7.06	100.00	0.25	23.17	891	0	2419	0	0	0	0	0	3310	271.35	8.87	-2.31	3.37	12.90	7.99	19.09	0.98	22.85	21.85
8/8/2023 11:56:11	2.44	0.00	0.00	3.64	0.00	0.00	0.00	0.53	6.08	100.00	0.25	23.18	1295	0	0	109	0	0	0	0	1404	276.15	9.82	2.23	5.06	15.03	14.94	16.88	0.98	22.90	21.90
8/8/2023 11:56:14	4.23	0.00	3.63	0.23	0.00	0.00	0.00	0.11	8.09	100.00	0.26	23.19	2240	0	1634	7	0	0	0	0	3880	300.74	7.24	3.34	5.92	13.90	8.21	18.96	0.98	22.94	21.88
8/8/2023 11:56:17	4.41	0.00	0.00	0.58	0.00	0.00	0.00	0.72	4.99	100.00	0.26	23.19	2336	0	0	17	0	0	0	0	2354	261.32	5.24	3.37	-0.35	14.90	7.89	15.72	0.98	22.98	21.87
8/8/2023 11:56:20	0.01	0.00	2.81	2.36	0.00	0.00	0.00	0.82	5.18	100.00	0.25	23.17	7	0	1265	71	0	0	0	0	1342	274.40	10.26	5.88	7.57	18.62	10.18	17.44	0.98	23.03	21.93
8/8/2023 11:56:23	0.00	0.00	5.45	0.00	0.00	0.00	0.00	0.26	5.45	100.00	0.26	23.17	0	0	2453	0	0	0	0	0	2453	291.31	8.77	3.05	4.70	12.34	5.56	15.69	0.98	23.07	21.95
8/8/2023 11:56:26	0.00	0.17	2.43	0.00	0.00	0.00	0.00	0.76	2.60	96.92	0.26	23.20	0	173	1092	0	0	0	0	0	1265	245.82	7.36	-0.56	5.62	13.66	4.13	9.14	0.98	23.11	21.99
8/8/2023 11:56:29	1.76	0.00	4.03	0.99	0.00	0.00	0.00	0.44	6.79	100.00	0.27	23.20	934	0	1816	30	0	0	0	0	2779	300.80	9.25	2.78	5.74	16.18	9.94	18.83	0.98	23.15	21.99
8/8/2023 11:56:32	1.62	1.86	0.00	1.83	0.00	0.00	0.00	0.72	5.30	100.00	0.26	23.22	857	1856	0	55	0	0	0	0	2768	301.40	3.03	6.36	8.49	15.05	15.69	11.60	0.98	23.17	22.03
8/8/2023 11:56:35	1.63	0.00	4.27	0.22	0.00	0.00	0.00	0.39	6.11	100.00	0.26	23.21	863	0	1920	6	0	0	0	0	2790	302.07	7.98	0.30	4.05	14.47	9.26	17.14	0.98	23.22	22.01
8/8/2023 11:56:38	0.00	0.00	6.32	0.00	0.00	0.00	0.00	0.00	6.32	100.00	0.27	23.22	0	0	2843	0	0	0	0	0	2843	298.76	9.43	4.20	3.36	10.54	7.03	16.59	0.98	23.25	22.01
8/8/2023 11:56:41	0.00	0.32	4.40	1.00	0.00	0.00	0.00	0.39	5.73	100.00	0.26	23.22	1	321	1982	30	0	0	0	0	2334	299.78	9.50	0.49	6.50	13.81	10.59	15.77	0.98	23.29	22.04
8/8/2023 11:56:44	1.91	0.00	4.75	0.51	0.00	0.00	0.00	0.28	7.17	100.00	0.27	23.20	1012	0	2138	15	0	0	0	0	3165	299.77	9.30	0.46	6.14	14.93	9.67	18.65	0.98	23.32	22.06
8/8/2023 11:56:47	1.68	0.00	5.68	0.00	0.00	0.00	0.00	0.00	7.37	100.00	0.27	23.21	892	0	2558	0	0	0	0	0	3450	304.10	9.04	0.47	7.10	11.70	4.32	18.76	0.98	23.35	22.09
8/8/2023 11:56:50	0.00	0.00	4.72	1.10	0.00	0.00	0.00	0.47	5.82	100.00	0.27	23.22	0	0	2124	33	0	0	0	0	2157	298.03	12.76	0.89	5.21	15.76	9.60	15.98	0.98	23.41	22.06
8/8/2023 11:56:53	2.02	0.00	0.00	3.34	0.00	0.00	0.00	0.55	5.36	100.00	0.26	23.22	1068	0	0	100	0	0	0	0	1168	294.21	8.57	4.73	6.50	14.54	12.36	15.09	0.98	23.44	22.11
8/8/2023 11:56:56	0.00	0.92	3.34	0.56	0.00	0.00	0.00	0.74	4.82	100.00	0.27	23.22	0	917	1502	17	0	0	0	0	2436	299.08	8.77	-0.43	7.00	15.99	10.50	13.65	0.98	23.46	22.09
8/8/2023 11:56:59	0.45	1.30	5.69	0.00	0.00	0.00	0.00	0.07	7.45	100.00	0.27	23.22	241	1300	2562	0	0	0	0	0	4104	303.19	9.48	-0.00	9.34	11.81	10.41	15.90	0.98	23.50	22.16
8/8/2023 11:57:02	0.38	0.00	2.48	0.32	0.00	0.00	0.00	0.52	3.19	100.00	0.26	23.24	204	0	1118	10	0	0	0	0	1331	280.52	5.46	-2.08	2.64	11.10	8.55	10.82	0.98	23.55	22.20
8/8/2023 11:57:05	2.43	0.00	0.00	1.51	0.00	0.00	0.00	1.17	3.94	100.00	0.25	23.24	1288	0	0	45	0	0	0	0	1333	302.94	6.31	2.77	4.34	19.84	9.24	15.35	0.98	23.60	22.19
8/8/2023 11:57:08	2.51	1.28	1.77	0.00	0.00	0.00	0.00	0.87	5.55	100.00	0.26	23.25	1329	1276	795	0	0	0	0	0	3400	299.86	5.62	3.40	9.03	17.89	7.98	14.46	0.98	23.63	22.20
8/8/2023 11:57:11	4.11	0.00	1.68	0.00	0.00	0.00	0.00	0.57	5.80	100.00	0.26	23.25	2180	0	758	0	0	0	0	0	2938	300.04	4.94	-0.25	3.97	15.45	8.31	15.80	0.98	23.66	22.17
8/8/2023 11:57:14	0.00	0.94	3.59	0.29	0.00	0.00	0.00	0.79	4.81	100.00	0.27	23.23	0	936	1614	9	0	0	0	0	2558	303.27	8.38	3.68	8.04	16.84	7.91	14.00	0.98	23.68	22.20
8/8/2023 11:57:16	3.00	0.00	2.84	0.93	0.00	0.00	0.00	0.31	6.77	100.00	0.25	23.25	1590	0	1278	28	0	0	0	0	2895	299.19	7.57	2.34	6.25	14.23	9.20	17.06	0.98	23.72	22.27
8/8/2023 11:57:19	2.38	0.21	5.50	0.00	0.00	0.00	0.00	0.05	8.09	100.00	0.26	23.24	1261	208	2474	0	0	0	0	0	3943	298.64	9.06	4.37	9.23	13.70	5.49	18.97	0.98	23.74	22.32
8/8/2023 11:57:23	0.00	0.96	5.46	0.00	0.00	0.00	0.00	0.44	6.41	100.00	0.27	23.25	0	955	2455	0	0	0	0	0	3411	298.32	10.32	-0.10	8.77	15.30	8.73	16.10	0.98	23.78	22.17
8/8/2023 11:57:25	1.98	0.00	2.91	1.29	0.00	0.00	0.00	0.65	6.18	100.00	0.26	23.22	1048	0	1309	39	0	0	0	0	2396	298.18	8.61	2.62	4.81	17.49	10.74	18.43	0.98	23.81	22.28
8/8/2023 11:57:28	4.31	0.45	1.70	0.00	0.00	0.00	0.00	0.11	6.45	100.00	0.25	23.23	2283	451	763	0	0	0	0	0	3496	256.61	4.38	0.08	6.48	10.37	7.90	13.24	0.98	23.83	22.35
8/8/2023 11:57:31	1.14	0.00	4.15	0.00	0.00	0.00	0.00	0.41	5.29	100.00	0.25	23.26	606	0	1866	0	0	0	0	0	2472	259.74	7.39	-0.97	4.64	13.38	5.50	15.94	0.98	23.87	22.33
8/8/2023 11:57:34	1.60	0.44	4.55	0.00	0.00	0.00	0.00	0.29	6.59	100.00	0.25	23.26	850	439	2045	0	0	0	0	0	3334	282.79	8.12	0.82	7.47	13.82	7.74	16.43	0.98	23.94	22.27
8/8/2023 11:57:37	0.00	0.00	4.22	0.00	0.00	0.00	0.00	0.53	4.22	100.00	0.25	23.26	0	0	1899	0	0	0	0	0	1899	271.34	9.56	2.24	3.77	13.59	2.93	13.32	0.98	23.94	22.35
8/8/2023 11:57:40	0.14	0.80	4.67	0.00	0.00	0.00	0.00	0.35	5.62	100.00	0.24	23.23	76	800	2103	0	0	0	0	0	2978	269.88	8.29	-0.47	9.11	12.78	6.55	14.18	0.98	23.97	22.35
8/8/2023 11:57:43	0.00	0.00	4.77	0.24	0.00	0.00	0.00	0.39	5.01	100.00	0.25	23.21	0	0	2145	7	0	0	0	0	2152	288.06	9.43	0.48	-0.23	12.72	10.05	15.14	0.98	23.99	22.43
8/8/2023 11:57:46	1.83	0.00	0.00	2.38	0.00	0.00	0.00	0.77	4.21	100.00	0.25	23.21	970	0	0	71	0	0	0	0	1041	268.99	6.49	2.89	5.52	15.57	11.09	13.55	0.98	24.04	22.38
8/8/2023 11:57:49	0.00	0.00	5.71	0.00	0.00	0.00	0.00	0.77	5.71	100.00	0.25	23.24	0	0	2571	0	0	0	0	0	2571	294.21	9.64	4.99	4.00	18.95	6.25	19.92	0.98	24.08	22.37
8/8/2023 11:57:52	5.24	0.43	0.48	0.77	0.00	0.00	0.00	0.60	6.92	100.00	0.25	23.24	2779	427	217	23	0	0	0	0	3446	290.75	5.42	0.81	7.10	16.98	10.12	16.69	0.98	24.09	22.46
8/8/2023 11:57:55	0.00	0.00	0.00	2.98	0.00	0.00	0.00	1.22	2.98	100.00	0.26	23.25	0	0	0	89	0	0	0	0	89	303.42	9.23	5.07	5.46	19.56	10.84	13.24	0.98	24.14	22.37
8/8/2023 11:57:58	3.54	0.37	3.67	0.00	0.00	0.00	0.00	0.00	7.58	100.00	0.26	23.24	1875	372	1650	0	0	0	0	0	3897	286.50	7.14	-2.22	8.24	11.33	7.47	16.28	0.98	24.17	22.49
8/8/2023 11:58:01	2.29	0.00	1.45	0.00	0.00	0.00	0.00	0.85	3.75	100.00	0.26	23.24	1216	0	654	0	0	0	0	0	1870	282.71	4.81	-2.40	4.72	15.94	6.29	13.09	0.98	24.19	22.54
8/8/2023 11:58:04	0.00	1.62	5.90	0.00	0.00	0.00	0.00	0.20	7.52	100.00	0.26	23.25	0	1617	2656	0	0	0	0	0	4273	303.03	11.37	-2.90	9.60	13.31	12.10	15.64	0.98	24.21	22.45
8/8/2023 11:58:07	0.00	1.23	5.92	0.00	0.00	0.00	0.00	0.31	7.15	100.00	0.26	23.27	0	1234	2663	0	0	0	0	0	3897	301.24	10.65	0.72	8.78	14.60	10.63	16.64	0.98	24.22	22.48
8/8/2023 11:58:10	5.85	0.00	0.74	0.00	0.00	0.00	0.00	0.40	6.59	100.00	0.25	23.27	3100	0	333	0	0	0	0	0	3433	299.37	3.55	2.46	4.71	14.18	4.52	16.55	0.98	24.24	22.51
8/8/2023 11:58:13	0.88	0.03	3.67	0.44	0.00	0.00	0.00	0.62	5.01	100.00	0.25	23.25	465	30	1651	13	0	0	0	0	2159	278.31	7.66	3.34	6.04	15.76	6.98	15.62	0.98	24.27	22.51
8/8/2023 11:58:16	3.76	1.02	2.42	0.00	0.00	0.00	0.00	0.17	7.20	100.00	0.25	23.27	1994	1017	1088	0	0	0	0	0	4100	286.94	5.54	3.57	9.72	12.17	6.94	14.47	0.98	24.31	22.56
8/8/2023 11:58:19	0.00	0.23	2.61	0.00	0.00	0.00	0.00	0.79	2.84	100.00	0.26	23.25	0	229	1176	0	0	0	0	0	1405	269.15	6.41	-1.98	4.80	14.00	6.35	10.65	0.98	24.35	22.59
8/8/2023 11:58:22	3.00	2.01	0.08	0.00	0.00	0.00	0.00	0.85	5.09	93.91	0.24	23.25	1592	2009	37	0	0	0	0	0	3638	238.19	3.88	-1.39	9.16	15.52	10.93	10.97	0.98	24.36	22.64
8/8/2023 11:58:25	0.00	0.61	1.47	1.96	0.00	0.00	0.00	0.95	4.04	100.00	0.25	23.25	0	610	663	59	0	0	0	0	1332	299.77	12.49	2.45	8.42	18.08	9.06	11.04	0.98	24.39	22.61
8/8/2023 11:58:28	2.08	0.00	3.40	0.06	0.00	0.00	0.00	0.60	5.54	100.00	0.25	23.24	1103	0	1529	2	0	0	0	0	2634	300.31	7.04	-2.31	2.31	15.80	10.36	16.83	0.98	24.41	22.64
8/8/2023 11:58:31	0.00	0.45	6.10	0.00	0.00	0.00	0.00	0.47	6.55	100.00	0.26	23.24	0	450	2747	0	0	0	0	0	3197	304.11	10.40	1.18	7.82	16.43	7.94	18.27	0.98	24.43	22.64
8/8/2023 11:58:34	0.00	0.51	4.09	0.76	0.00	0.00	0.00	0.16	5.36	100.00	0.27	23.24	0	511	1841	23	0	0	0	0	2375	299.69	13.03	-0.36	7.32	10.97	7.85	10.06	0.98	24.46	22.64
8/8/2023 11:58:37	0.00	0.00	3.67	0.00	0.00	0.00	0.00	0.33	3.67	100.00	0.26	23.25	0	0	1650	0	0	0	0	0	1650	270.21	12.82	1.65	0.78	10.58	2.69	8.30	0.98	24.50	22.64
8/8/2023 11:58:40	0.00	0.00	2.28	4.03	0.00	0.00	0.00	0.42	6.31	100.00	0.25	23.26	0	0	1025	121	0	0	0	0	1146	301.94	15.46	6.56	9.83	15.89	11.88	15.42	0.98	24.50	22.67
8/8/2023 11:58:43	1.91	0.00	0.00	3.65	0.00	0.00	0.00	0.35	5.56	100.00	0.24	23.28	1010	0	0	109	0	0	0	0	1120	266.54	7.19	8.78	1.08	11.95	14.97	15.74	0.98	24.52	22.69
8/8/2023 11:58:46	0.74	0.34	2.33	0.97	0.00	0.00	0.00	0.63	4.38	100.00	0.26	23.26	393	337	1049	29	0	0	0	0	1808	303.39	6.97	1.74	6.18	14.28	8.97	13.21	0.98	24.54	22.67
8/8/2023 11:58:49	5.61	0.00	0.00	0.00	0.00	0.00	0.00	0.42	5.61	76.97	0.24	23.28	2971	0	0	0	0	0	0	0	2971	195.23	1.26	-11.01	5.06	12.87	7.39	13.83	0.98	24.56	22.72
8/8/2023 11:58:52	0.00	0.00	0.00	0.93	0.00	0.00	0.00	1.26	0.93	89.63	0.25	23.26	0	0	0	28	0	0	0	0	28	227.32	5.77	4.78	0.29	17.25	7.47	7.35	0.98	24.59	22.77
8/8/2023 11:58:55	0.00	0.00	3.64	0.71	0.00	0.00	0.00	0.00	4.35	100.00	0.27	23.25	0	0	1639	21	0	0	0	0	1660	263.12	12.07	0.43	4.45	6.42	6.05	8.59	0.98	24.62	22.75
8/8/2023 11:58:58	0.00	0.00	4.93	0.00	0.00	0.00	0.00	0.55	4.93	100.00	0.29	23.24	0	0	2220	0	0	0	0	0	2220	297.67	8.69	0.65	7.37	15.14	4.26	15.68	0.99	24.64	22.78
8/8/2023 11:59:01	4.86	0.25	0.00	1.58	0.00	0.00	0.00	0.92	6.69	100.00	0.28	23.27	2576	250	0	48	0	0	0	0	2873	303.33	5.09	3.31	6.40	20.92	12.54	18.52	0.98	24.68	22.83
8/8/2023 11:59:04	1.56	0.00	4.24	0.00	0.00	0.00	0.00	0.57	5.80	100.00	0.28	23.26	826	0	1908	0	0	0	0	0	2734	301.38	7.47	7.96	7.94	16.56	2.11	17.44	0.98	24.69	22.82
8/8/2023 11:59:07	0.00	0.00	4.28	0.60	0.00	0.00	0.00	0.41	4.89	100.00	0.33	23.26	0	0	1928	18	0	0	0	0	1946	308.76	8.99	5.50	5.71	13.33	6.01	14.18	0.99	24.71	22.80
8/8/2023 11:59:10	0.00	0.00	3.45	0.00	0.00	0.00	0.00	0.86	3.45	100.00	0.38	23.27	0	0	1553	0	0	0	0	0	1553	296.28	6.86	-2.24	1.99	15.68	4.57	15.27	0.99	24.73	22.85
8/8/2023 11:59:13	0.00	0.05	3.99	1.14	0.00	0.00	0.00	0.31	5.19	100.00	0.43	23.26	0	50	1798	34	0	0	0	0	1882	301.78	9.83	0.88	6.04	12.43	9.20	13.93	1.00	24.75	22.86
8/8/2023 11:59:16	4.99	0.00	1.92	0.92	0.00	0.00	0.00	0.22	7.83	100.00	0.78	23.27	2644	0	864	28	0	0	0	0	3535	301.42	6.42	5.43	6.49	14.51	8.38	18.32	1.03	24.77	22.91
8/8/2023 11:59:19	0.00	0.27	4.47	0.62	0.00	0.00	0.00	0.39	5.37	100.00	1.36	23.29	0	270	2013	19	0	0	0	0	2302	298.54	10.30	3.25	7.15	13.76	7.15	14.02	1.09	24.78	22.85
8/8/2023 11:59:22	0.87	0.00	1.75	2.40	0.00	0.00	0.00	0.75	5.02	100.00	2.05	23.29	460	0	789	72	0	0	0	0	1321	302.66	8.97	3.94	6.48	16.99	11.09	16.11	1.16	24.81	22.91
8/8/2023 11:59:25	4.83	1.19	0.26	1.42	0.00	0.00	0.00	0.38	7.70	100.00	2.66	23.30	2562	1188	117	43	0	0	0	0	3910	301.70	6.13	2.49	9.85	14.80	12.26	15.58	1.22	24.82	22.91
8/8/2023 11:59:28	1.22	1.04	4.33	0.39	0.00	0.00	0.00	0.46	6.97	100.00	3.41	23.28	646	1035	1948	12	0	0	0	0	3641	302.09	8.88	3.37	9.04	15.93	9.79	17.05	1.29	24.84	22.93
8/8/2023 11:59:31	0.00	0.00	3.30	1.85	0.00	0.00	0.00	0.66	5.15	100.00	3.83	23.30	0	0	1487	56	0	0	0	0	1542	302.30	10.79	1.64	6.07	16.56	10.82	16.02	1.33	24.84	22.93
8/8/2023 11:59:34	1.81	0.44	2.58	1.41	0.00	0.00	0.00	0.57	6.24	100.00	4.01	23.28	958	442	1160	42	0	0	0	0	2602	300.54	8.64	0.87	7.32	16.21	11.60	16.62	1.35	24.88	23.03
8/8/2023 11:59:37	0.28	0.00	2.82	1.83	0.00	0.00	0.00	0.75	4.93	100.00	4.73	23.27	147	0	1270	55	0	0	0	0	1472	300.98	9.30	2.61	5.86	17.08	10.69	16.41	1.42	24.92	23.09
8/8/2023 11:59:40	0.00	0.08	2.64	1.70	0.00	0.00	0.00	0.74	4.43	100.00	5.28	23.27	0	83	1189	51	0	0	0	0	1323	300.99	8.95	2.25	6.36	16.21	9.96	14.78	1.47	24.92	22.95
8/8/2023 11:59:43	0.49	0.01	3.14	1.38	0.00	0.00	0.00	0.60	5.02	100.00	5.92	23.28	257	13	1412	41	0	0	0	0	1723	300.70	8.73	1.72	6.09	15.40	9.76	15.53	1.54	24.92	23.04
8/8/2023 11:59:45	0.69	0.29	2.97	0.99	0.00	0.00	0.00	0.72	4.94	100.00	6.75	23.25	364	287	1337	30	0	0	0	0	2018	300.68	8.11	1.87	6.46	16.41	9.39	15.32	1.62	24.97	23.06
8/8/2023 11:59:48	0.12	0.28	2.92	1.08	0.00	0.00	0.00	0.79	4.39	100.00	7.49	23.23	63	276	1313	32	0	0	0	0	1684	300.56	8.16	1.69	6.20	16.48	9.43	14.68	1.69	24.95	23.04
8/8/2023 11:59:52	0.00	0.24	2.76	0.96	0.00	0.00	0.00	0.89	3.95	100.00	8.27	23.15	0	239	1241	29	0	0	0	0	1509	301.30	7.97	2.00	5.99	17.14	8.67	14.24	1.77	24.99	23.12
8/8/2023 11:59:55	0.00	0.26	2.31	0.89	0.00	0.00	0.00	0.96	3.46	100.00	9.01	23.14	0	263	1038	27	0	0	0	0	1328	301.48	7.43	1.56	5.66	17.10	8.46	13.26	1.84	25.01	23.11
8/8/2023 11:59:57	0.00	0.33	1.98	0.91	0.00	0.00	0.00	0.97	3.22	100.00	9.71	23.12	0	326	890	27	0	0	0	0	1243	301.54	7.16	1.44	5.67	16.70	8.42	12.42	1.91	24.99	23.06
8/8/2023 12:00:00	0.00	0.24	1.77	0.96	0.00	0.00	0.00	0.98	2.96	100.00	10.27	22.71	0	239	795	29	0	0	0	0	1062	301.43	6.87	1.46	5.38	16.44	8.17	12.02	1.96	25.01	23.11
8/8/2023 12:00:03	0.00	0.20	1.41	1.07	0.00	0.00	0.00	0.95	2.68	100.00	10.91	21.71	0	196	632	32	0	0	0	0	861	303.60	6.24	1.70	5.21	15.55	8.07	11.29	2.03	25.03	23.11
8/8/2023 12:00:07	0.00	0.25	1.29	0.81	0.00	0.00	0.00	0.92	2.35	100.00	11.66	20.16	0	254	581	24	0	0	0	0	859	304.77	5.78	1.28	4.94	14.61	7.43	10.02	2.10	25.04	23.11
8/8/2023 12:00:09	0.00	0.21	0.29	1.01	0.00	0.00	0.00	0.95	1.51	100.00	12.41	17.21	0	207	131	30	0	0	0	0	369	306.15	4.82	1.25	4.53	13.57	7.12	8.03	2.17	25.05	23.14
8/8/2023 12:00:12	0.00	0.18	0.00	1.02	0.00	0.00	0.00	0.93	1.20	100.00	13.33	15.14	0	178	0	31	0	0	0	0	209	306.85	4.39	1.24	4.20	12.77	6.92	6.99	2.26	25.08	23.17
8/8/2023 12:00:15	0.00	0.20	0.00	0.98	0.00	0.00	0.00	0.90	1.19	100.00	14.30	13.93	0	202	0	30	0	0	0	0	232	307.37	4.22	1.18	4.11	12.47	7.01	6.77	2.36	25.04	23.17
8/8/2023 12:00:18	0.00	0.24	0.00	0.91	0.00	0.00	0.00	0.88	1.15	100.00	15.21	12.91	0	244	0	27	0	0	0	0	271	307.88	4.13	1.17	4.17	12.05	6.80	6.40	2.45	25.03	23.20
8/8/2023 12:00:21	0.00	0.20	0.00	0.91	0.00	0.00	0.00	0.88	1.11	100.00	16.21	12.15	0	205	0	27	0	0	0	0	232	308.09	4.08	1.13	3.99	12.08	6.82	6.38	2.55	25.01	23.22
8/8/2023 12:00:24	0.00	0.21	0.00	0.91	0.00	0.00	0.00	0.87	1.12	100.00	17.31	11.31	0	206	0	27	0	0	0	0	233	308.17	4.15	1.20	4.01	11.97	6.77	6.26	2.65	24.97	23.25
8/8/2023 12:00:27	0.00	0.14	0.00	0.95	0.00	0.00	0.00	0.84	1.09	100.00	18.09	10.47	0	137	0	29	0	0	0	0	165	308.13	4.00	1.15	3.84	11.63	6.74	6.28	2.73	24.96	23.20
8/8/2023 12:00:30	0.00	0.19	0.00	0.85	0.00	0.00	0.00	0.83	1.05	100.00	18.98	9.60	0	194	0	26	0	0	0	0	220	308.08	3.80	1.12	3.87	11.36	6.61	6.00	2.82	24.92	23.27
8/8/2023 12:00:33	0.00	0.17	0.00	0.91	0.00	0.00	0.00	0.81	1.08	100.00	19.67	9.08	0	165	0	27	0	0	0	0	193	308.11	3.86	1.16	3.92	11.21	6.62	6.08	2.88	24.89	23.28
8/8/2023 12:00:36	0.00	0.13	0.00	0.92	0.00	0.00	0.00	0.82	1.05	100.00	20.58	8.63	0	133	0	28	0	0	0	0	161	308.53	3.92	1.09	3.89	11.28	6.52	6.15	2.97	24.86	23.25
8/8/2023 12:00:39	0.00	0.09	0.00	0.97	0.00	0.00	0.00	0.81	1.07	100.00	21.37	8.32	0	95	0	29	0	0	0	0	124	308.80	3.95	1.10	3.85	11.14	6.55	6.20	3.05	24.81	23.25
8/8/2023 12:00:42	0.00	0.14	0.00	0.97	0.00	0.00	0.00	0.82	1.11	100.00	22.04	8.09	0	144	0	29	0	0	0	0	173	309.17	3.89	1.07	3.99	11.24	6.67	6.35	3.12	24.77	23.27
8/8/2023 12:00:45	0.00	0.19	0.00	0.84	0.00	0.00	0.00	0.81	1.03	100.00	22.69	7.99	0	191	0	25	0	0	0	0	216	308.47	3.64	1.04	3.89	10.98	6.54	5.95	3.18	24.71	23.32
8/8/2023 12:00:48	0.00	0.14	0.00	0.89	0.00	0.00	0.00	0.80	1.03	100.00	23.36	7.91	0	142	0	27	0	0	0	0	169	308.82	3.77	1.03	3.82	11.02	6.52	5.99	3.25	24.70	23.30
8/8/2023 12:00:51	0.00	0.20	0.00	0.92	0.00	0.00	0.00	0.81	1.13	100.00	24.13	7.62	0	202	0	28	0	0	0	0	230	309.26	3.77	1.04	4.08	11.11	6.73	6.24	3.32	24.63	23.32
8/8/2023 12:00:54	0.00	0.16	0.00	0.98	0.00	0.00	0.00	0.79	1.14	100.00	24.67	7.47	0	163	0	29	0	0	0	0	193	308.80	3.89	1.09	3.95	11.05	6.84	6.17	3.37	24.57	23.33
8/8/2023 12:00:57	0.00	0.21	0.00	0.94	0.00	0.00	0.00	0.80	1.14	100.00	25.06	7.33	0	205	0	28	0	0	0	0	233	308.70	3.75	1.13	4.01	11.02	6.84	6.14	3.41	24.55	23.33
8/8/2023 12:01:00	0.00	0.20	0.00	0.92	0.00	0.00	0.00	0.79	1.11	100.00	25.74	7.11	0	198	0	27	0	0	0	0	226	308.84	3.70	1.15	3.96	10.94	6.76	6.04	3.48	24.48	23.33
8/8/2023 12:01:03	0.00	0.20	0.00	0.89	0.00	0.00	0.00	0.80	1.09	100.00	26.36	7.03	0	199	0	27	0	0	0	0	226	309.22	3.71	1.03	3.96	10.95	6.70	6.04	3.54	24.42	23.33
8/8/2023 12:01:06	0.00	0.18	0.00	0.90	0.00	0.00	0.00	0.78	1.08	100.00	27.00	6.88	0	184	0	27	0	0	0	0	211	309.01	3.65	1.16	3.91	10.79	6.65	5.93	3.60	24.36	23.28
8/8/2023 12:01:09	0.00	0.17	0.00	0.87	0.00	0.00	0.00	0.78	1.04	100.00	27.72	6.66	0	171	0	26	0	0	0	0	197	308.54	3.60	1.07	3.83	10.71	6.59	5.86	3.67	24.30	23.33
8/8/2023 12:01:12	0.00	0.18	0.00	0.97	0.00	0.00	0.00	0.77	1.15	100.00	28.49	6.42	0	180	0	29	0	0	0	0	209	309.04	3.76	1.17	3.97	10.78	6.85	6.06	3.75	24.23	23.30
8/8/2023 12:01:15	0.00	0.17	0.00	0.96	0.00	0.00	0.00	0.78	1.12	100.00	29.01	6.30	0	168	0	29	0	0	0	0	197	309.06	3.68	1.14	3.86	10.82	6.87	6.05	3.80	24.14	23.27
8/8/2023 12:01:18	0.00	0.20	0.00	0.90	0.00	0.00	0.00	0.76	1.10	100.00	29.70	6.24	0	200	0	27	0	0	0	0	228	308.32	3.55	1.15	3.91	10.56	6.74	5.86	3.87	24.07	23.30
8/8/2023 12:01:21	0.00	0.21	0.00	0.87	0.00	0.00	0.00	0.76	1.09	100.00	30.54	6.15	0	214	0	26	0	0	0	0	240	308.75	3.49	1.13	3.90	10.46	6.72	5.77	3.95	23.98	23.25
8/8/2023 12:01:24	0.00	0.24	0.00	0.87	0.00	0.00	0.00	0.77	1.11	100.00	31.27	6.01	0	240	0	26	0	0	0	0	266	309.06	3.48	1.08	3.96	10.53	6.79	5.83	4.02	23.89	23.20
8/8/2023 12:01:27	0.00	0.25	0.00	0.87	0.00	0.00	0.00	0.76	1.12	100.00	32.01	5.94	0	247	0	26	0	0	0	0	273	308.76	3.57	1.10	4.00	10.49	6.76	5.74	4.09	23.82	23.25
8/8/2023 12:01:30	0.00	0.23	0.00	0.87	0.00	0.00	0.00	0.76	1.10	100.00	32.80	5.86	0	232	0	26	0	0	0	0	258	308.11	3.53	1.01	3.90	10.49	6.80	5.73	4.17	23.74	23.20
8/8/2023 12:01:33	0.00	0.25	0.00	0.85	0.00	0.00	0.00	0.76	1.09	100.00	33.43	5.71	0	248	0	25	0	0	0	0	273	308.14	3.48	1.10	3.95	10.43	6.73	5.68	4.23	23.67	23.24
8/8/2023 12:01:36	0.00	0.28	0.00	0.77	0.00	0.00	0.00	0.76	1.05	100.00	34.52	5.60	0	281	0	23	0	0	0	0	304	308.10	3.31	0.97	3.92	10.33	6.67	5.54	4.34	23.57	23.20
8/8/2023 12:01:39	0.00	0.27	0.00	0.78	0.00	0.00	0.00	0.75	1.05	100.00	35.33	5.50	0	274	0	23	0	0	0	0	297	307.86	3.33	1.01	3.87	10.19	6.69	5.42	4.42	23.47	23.19
8/8/2023 12:01:42	0.00	0.31	0.00	0.73	0.00	0.00	0.00	0.75	1.04	100.00	35.96	5.48	0	312	0	22	0	0	0	0	334	307.71	3.19	0.94	3.91	10.13	6.68	5.38	4.48	23.37	23.12
8/8/2023 12:01:45	0.00	0.33	0.00	0.69	0.00	0.00	0.00	0.75	1.02	100.00	36.72	5.44	0	326	0	21	0	0	0	0	347	308.35	3.16	0.99	3.84	10.08	6.67	5.17	4.56	23.29	23.07
8/8/2023 12:01:47	0.00	0.35	0.00	0.65	0.00	0.00	0.00	0.74	1.00	100.00	37.66	5.35	0	353	0	19	0	0	0	0	372	308.18	3.07	0.89	3.80	9.96	6.68	5.02	4.65	23.18	23.09
8/8/2023 12:01:51	0.00	0.29	0.00	0.66	0.00	0.00	0.00	0.74	0.95	100.00	38.40	5.29	0	291	0	20	0	0	0	0	311	307.64	3.04	0.92	3.73	9.90	6.48	5.10	4.72	23.10	23.06
8/8/2023 12:01:54	0.00	0.38	0.00	0.59	0.00	0.00	0.00	0.74	0.96	100.00	39.15	5.25	0	377	0	18	0	0	0	0	395	307.72	2.98	0.85	3.86	9.84	6.51	4.92	4.79	22.98	23.01
8/8/2023 12:01:57	0.00	0.33	0.00	0.57	0.00	0.00	0.00	0.73	0.90	100.00	39.96	5.28	0	332	0	17	0	0	0	0	349	307.71	2.85	0.87	3.71	9.72	6.37	4.88	4.87	22.88	22.96
8/8/2023 12:01:59	0.00	0.39	0.00	0.53	0.00	0.00	0.00	0.74	0.92	100.00	40.72	5.22	0	392	0	16	0	0	0	0	408	307.95	2.77	0.86	3.78	9.76	6.46	4.81	4.95	22.79	22.95
8/8/2023 12:02:02	0.00	0.38	0.00	0.53	0.00	0.00	0.00	0.73	0.91	100.00	41.18	5.17	0	377	0	16	0	0	0	0	393	308.13	2.79	0.82	3.71	9.60	6.45	4.69	4.99	22.69	22.93
8/8/2023 12:02:06	0.00	0.45	0.00	0.46	0.00	0.00	0.00	0.76	0.90	100.00	42.08	5.12	0	448	0	14	0	0	0	0	462	307.29	2.74	0.79	3.82	9.92	6.47	4.72	5.08	22.56	22.91
8/8/2023 12:02:08	0.00	0.40	0.00	0.48	0.00	0.00	0.00	0.77	0.87	100.00	42.94	5.09	0	395	0	14	0	0	0	0	410	307.14	2.76	0.81	3.75	10.00	6.35	4.84	5.17	22.48	22.85
8/8/2023 12:02:11	0.00	0.45	0.00	0.44	0.00	0.00	0.00	0.75	0.89	100.00	43.75	5.04	0	451	0	13	0	0	0	0	464	306.76	2.68	0.73	3.77	9.82	6.46	4.63	5.24	22.38	22.82
8/8/2023 12:02:14	0.00	0.48	0.00	0.41	0.00	0.00	0.00	0.75	0.89	100.00	44.54	5.02	0	480	0	12	0	0	0	0	492	306.25	2.62	0.76	3.86	9.80	6.42	4.63	5.32	22.27	22.75
8/8/2023 12:02:17	0.00	0.57	0.00	0.23	0.00	0.00	0.00	0.78	0.80	100.00	45.20	5.01	0	570	0	7	0	0	0	0	577	306.28	2.34	0.79	3.78	9.90	6.31	4.26	5.39	22.15	22.75
8/8/2023 12:02:20	0.00	0.54	0.00	0.32	0.00	0.00	0.00	0.76	0.86	100.00	45.39	5.04	0	539	0	10	0	0	0	0	548	306.00	2.51	0.78	3.88	9.78	6.33	4.40	5.41	22.03	22.70
8/8/2023 12:02:23	0.00	0.50	0.00	0.35	0.00	0.00	0.00	0.76	0.85	100.00	45.34	5.03	0	496	0	11	0	0	0	0	506	305.72	2.53	0.79	3.81	9.74	6.31	4.45	5.40	21.95	22.66
8/8/2023 12:02:26	0.00	0.50	0.00	0.34	0.00	0.00	0.00	0.77	0.84	100.00	45.34	5.03	0	499	0	10	0	0	0	0	509	305.72	2.52	0.73	3.79	9.86	6.32	4.50	5.40	21.82	22.61
8/8/2023 12:02:29	0.00	0.56	0.00	0.34	0.00	0.00	0.00	0.77	0.90	100.00	45.34	5.05	0	561	0	10	0	0	0	0	571	305.66	2.57	0.80	3.96	9.93	6.47	4.49	5.40	21.72	22.56
8/8/2023 12:02:32	0.00	0.51	0.00	0.35	0.00	0.00	0.00	0.76	0.85	100.00	45.35	5.06	0	506	0	10	0	0	0	0	516	306.10	2.59	0.76	3.83	9.87	6.33	4.46	5.40	21.62	22.56
8/8/2023 12:02:35	0.00	0.51	0.00	0.36	0.00	0.00	0.00	0.76	0.87	100.00	45.34	5.08	0	509	0	11	0	0	0	0	520	306.61	2.54	0.74	3.84	9.85	6.40	4.53	5.40	21.50	22.45
8/8/2023 12:02:38	0.00	0.51	0.00	0.37	0.00	0.00	0.00	0.76	0.87	100.00	45.33	5.09	0	507	0	11	0	0	0	0	518	305.49	2.58	0.82	3.84	9.85	6.40	4.50	5.40	21.40	22.43
8/8/2023 12:02:41	0.00	0.54	0.00	0.33	0.00	0.00	0.00	0.76	0.87	100.00	45.35	5.11	0	542	0	10	0	0	0	0	552	305.37	2.54	0.78	3.85	9.81	6.44	4.37	5.40	21.30	22.38
8/8/2023 12:02:44	0.00	0.53	0.00	0.31	0.00	0.00	0.00	0.75	0.84	100.00	45.36	5.14	0	529	0	9	0	0	0	0	538	305.30	2.49	0.77	3.81	9.70	6.33	4.31	5.40	21.20	22.35
8/8/2023 12:02:47	0.00	0.56	0.00	0.33	0.00	0.00	0.00	0.77	0.89	100.00	45.36	5.17	0	559	0	10	0	0	0	0	569	305.17	2.62	0.76	3.97	9.93	6.41	4.46	5.40	21.11	22.33
8/8/2023 12:02:50	0.00	0.55	0.00	0.31	0.00	0.00	0.00	0.77	0.86	100.00	45.34	5.17	0	551	0	9	0	0	0	0	560	305.16	2.48	0.79	3.84	9.91	6.45	4.42	5.40	20.99	22.27
8/8/2023 12:02:53	0.00	0.58	0.00	0.31	0.00	0.00	0.00	0.76	0.89	100.00	45.34	5.18	0	578	0	9	0	0	0	0	587	305.95	2.53	0.76	3.92	9.84	6.47	4.34	5.40	20.88	22.24
8/8/2023 12:02:56	0.00	0.51	0.00	0.37	0.00	0.00	0.00	0.76	0.88	100.00	45.35	5.20	0	508	0	11	0	0	0	0	519	305.06	2.61	0.76	3.86	9.89	6.42	4.54	5.40	20.77	22.16
8/8/2023 12:02:59	0.00	0.57	0.00	0.31	0.00	0.00	0.00	0.76	0.88	100.00	45.35	5.19	0	571	0	9	0	0	0	0	580	305.00	2.54	0.75	3.92	9.84	6.41	4.35	5.40	20.67	22.12
8/8/2023 12:03:02	0.00	0.58	0.00	0.30	0.00	0.00	0.00	0.78	0.88	100.00	45.32	5.22	0	581	0	9	0	0	0	0	590	304.62	2.50	0.80	3.89	10.01	6.52	4.41	5.40	20.58	22.09
8/8/2023 12:03:05	0.00	0.58	0.00	0.33	0.00	0.00	0.00	0.78	0.91	100.00	45.33	5.22	0	580	0	10	0	0	0	0	590	305.01	2.55	0.75	4.00	10.07	6.49	4.58	5.40	20.47	22.03
8/8/2023 12:03:08	0.00	0.58	0.00	0.29	0.00	0.00	0.00	0.77	0.87	100.00	45.33	5.24	0	581	0	9	0	0	0	0	590	305.32	2.42	0.76	3.86	9.88	6.51	4.37	5.40	20.37	21.95
8/8/2023 12:03:11	0.00	0.54	0.00	0.28	0.00	0.00	0.00	0.77	0.83	100.00	45.25	5.24	0	544	0	9	0	0	0	0	553	304.34	2.41	0.74	3.79	9.87	6.37	4.38	5.39	20.28	21.88
8/8/2023 12:03:14	0.00	0.68	0.00	0.27	0.00	0.00	0.00	0.77	0.95	100.00	45.22	5.21	0	678	0	8	0	0	0	0	687	304.41	2.55	0.69	4.16	9.94	6.61	4.34	5.39	20.21	21.90
8/8/2023 12:03:17	0.00	0.61	0.00	0.27	0.00	0.00	0.00	0.78	0.88	100.00	45.23	5.19	0	614	0	8	0	0	0	0	622	303.90	2.47	0.73	3.95	9.97	6.51	4.36	5.39	20.11	21.82
8/8/2023 12:03:20	0.00	0.60	0.00	0.29	0.00	0.00	0.00	0.77	0.89	100.00	45.22	5.28	0	602	0	9	0	0	0	0	611	304.27	2.51	0.73	4.00	9.91	6.47	4.40	5.39	20.00	21.77
8/8/2023 12:03:23	0.00	0.59	0.00	0.28	0.00	0.00	0.00	0.78	0.87	100.00	45.23	5.35	0	592	0	8	0	0	0	0	600	304.76	2.48	0.82	3.92	9.98	6.44	4.35	5.39	19.91	21.75
8/8/2023 12:03:26	0.00	0.60	0.00	0.31	0.00	0.00	0.00	0.79	0.91	100.00	45.24	5.29	0	604	0	9	0	0	0	0	613	304.83	2.57	0.81	4.02	10.15	6.52	4.52	5.39	19.82	21.64
8/8/2023 12:03:29	0.00	0.60	0.00	0.32	0.00	0.00	0.00	0.78	0.92	100.00	45.24	5.23	0	598	0	10	0	0	0	0	607	304.26	2.56	0.83	3.95	10.06	6.59	4.43	5.39	19.74	21.59
8/8/2023 12:03:32	0.00	0.60	0.00	0.29	0.00	0.00	0.00	0.78	0.89	100.00	45.24	5.19	0	601	0	9	0	0	0	0	610	304.58	2.56	0.76	4.00	10.07	6.47	4.45	5.39	19.64	21.59
8/8/2023 12:03:35	0.00	0.61	0.00	0.26	0.00	0.00	0.00	0.79	0.87	100.00	45.23	5.17	0	612	0	8	0	0	0	0	620	303.74	2.55	0.74	3.94	10.10	6.47	4.34	5.39	19.54	21.48
8/8/2023 12:03:38	0.00	0.63	0.00	0.26	0.00	0.00	0.00	0.80	0.88	100.00	45.23	5.17	0	627	0	8	0	0	0	0	635	304.18	2.45	0.81	3.98	10.20	6.51	4.46	5.39	19.45	21.45
8/8/2023 12:03:41	0.00	0.60	0.00	0.26	0.00	0.00	0.00	0.79	0.86	100.00	45.24	5.19	0	598	0	8	0	0	0	0	606	304.08	2.43	0.82	3.88	10.06	6.46	4.36	5.39	19.37	21.43
8/8/2023 12:03:44	0.00	0.61	0.00	0.28	0.00	0.00	0.00	0.79	0.89	100.00	45.24	5.18	0	605	0	8	0	0	0	0	614	303.93	2.51	0.85	3.95	10.17	6.50	4.45	5.39	19.28	21.37
8/8/2023 12:03:47	0.00	0.63	0.00	0.26	0.00	0.00	0.00	0.80	0.88	100.00	45.23	5.17	0	629	0	8	0	0	0	0	637	304.16	2.48	0.94	3.98	10.28	6.49	4.43	5.39	19.21	21.35
8/8/2023 12:03:50	0.00	0.62	0.00	0.22	0.00	0.00	0.00	0.80	0.85	100.00	45.24	5.17	0	624	0	7	0	0	0	0	631	303.56	2.49	0.79	3.89	10.17	6.44	4.25	5.39	19.11	21.29
8/8/2023 12:03:53	0.00	0.61	0.00	0.31	0.00	0.00	0.00	0.80	0.92	100.00	45.31	5.19	0	609	0	9	0	0	0	0	618	303.52	2.56	0.85	4.00	10.34	6.59	4.60	5.40	19.02	21.19
8/8/2023 12:03:56	0.00	0.62	0.00	0.27	0.00	0.00	0.00	0.80	0.89	100.00	45.38	5.13	0	624	0	8	0	0	0	0	632	303.61	2.55	0.87	3.97	10.28	6.53	4.41	5.40	18.96	21.14
8/8/2023 12:03:59	0.00	0.65	0.00	0.21	0.00	0.00	0.00	0.80	0.85	100.00	45.33	5.09	0	647	0	6	0	0	0	0	653	302.88	2.43	0.87	3.90	10.21	6.48	4.21	5.40	18.87	21.11
8/8/2023 12:04:02	0.00	0.65	0.00	0.24	0.00	0.00	0.00	0.80	0.90	100.00	45.35	5.09	0	653	0	7	0	0	0	0	660	302.71	2.49	0.87	4.00	10.31	6.56	4.40	5.40	18.79	21.04
8/8/2023 12:04:05	0.00	0.63	0.00	0.24	0.00	0.00	0.00	0.80	0.87	100.00	45.36	5.04	0	631	0	7	0	0	0	0	638	302.70	2.54	0.88	3.99	10.21	6.40	4.31	5.40	18.71	21.00
8/8/2023 12:04:08	0.00	0.64	0.00	0.23	0.00	0.00	0.00	0.80	0.87	100.00	45.38	5.05	0	644	0	7	0	0	0	0	651	302.91	2.50	0.80	3.99	10.19	6.45	4.31	5.40	18.61	20.95
8/8/2023 12:04:11	0.00	0.66	0.00	0.21	0.00	0.00	0.00	0.80	0.86	100.00	45.37	5.09	0	656	0	6	0	0	0	0	663	303.01	2.43	0.83	3.97	10.20	6.47	4.28	5.40	18.55	20.90
8/8/2023 12:04:13	0.00	0.68	0.00	0.19	0.00	0.00	0.00	0.80	0.87	100.00	45.37	5.12	0	682	0	6	0	0	0	0	687	302.60	2.45	0.88	3.99	10.23	6.50	4.19	5.40	18.45	20.79
8/8/2023 12:04:16	0.00	0.65	0.00	0.21	0.00	0.00	0.00	0.80	0.86	100.00	45.37	5.13	0	650	0	6	0	0	0	0	656	303.27	2.40	0.91	3.93	10.20	6.47	4.26	5.40	18.41	20.83
8/8/2023 12:04:20	0.00	0.68	0.00	0.19	0.00	0.00	0.00	0.82	0.87	100.00	45.35	5.14	0	677	0	6	0	0	0	0	683	302.49	2.48	0.84	4.00	10.39	6.49	4.28	5.40	18.32	20.79
8/8/2023 12:04:23	0.00	0.72	0.00	0.11	0.00	0.00	0.00	0.81	0.82	100.00	45.33	5.13	0	715	0	3	0	0	0	0	718	302.24	2.28	0.80	3.95	10.26	6.44	4.10	5.40	18.25	20.71
8/8/2023 12:04:25	0.00	0.69	0.00	0.18	0.00	0.00	0.00	0.81	0.87	100.00	45.30	5.13	0	690	0	5	0	0	0	0	695	302.00	2.46	0.90	3.95	10.32	6.53	4.14	5.40	18.19	20.67
8/8/2023 12:04:28	0.00	0.68	0.00	0.16	0.00	0.00	0.00	0.81	0.84	100.00	45.34	5.11	0	680	0	5	0	0	0	0	685	302.04	2.35	0.86	3.95	10.29	6.46	4.23	5.40	18.10	20.61
8/8/2023 12:04:31	0.00	0.69	0.00	0.16	0.00	0.00	0.00	0.81	0.84	100.00	45.28	5.11	0	685	0	5	0	0	0	0	690	302.07	2.40	0.81	3.97	10.26	6.43	4.18	5.39	18.04	20.56
8/8/2023 12:04:34	0.00	0.70	0.00	0.12	0.00	0.00	0.00	0.82	0.82	100.00	45.21	5.01	0	701	0	4	0	0	0	0	704	302.50	2.28	0.85	3.97	10.33	6.38	4.19	5.39	17.96	20.51
8/8/2023 12:04:37	0.00	0.71	0.00	0.13	0.00	0.00	0.00	0.82	0.85	100.00	45.21	4.99	0	712	0	4	0	0	0	0	716	302.16	2.28	0.84	3.96	10.32	6.52	4.19	5.39	17.89	20.50
8/8/2023 12:04:40	0.00	0.68	0.00	0.16	0.00	0.00	0.00	0.82	0.84	100.00	45.23	4.99	0	679	0	5	0	0	0	0	684	302.58	2.42	0.87	3.90	10.39	6.49	4.17	5.39	17.83	20.38
8/8/2023 12:04:43	0.00	0.69	0.00	0.18	0.00	0.00	0.00	0.81	0.87	100.00	45.23	5.02	0	688	0	5	0	0	0	0	693	303.20	2.28	0.91	3.98	10.29	6.54	4.32	5.39	17.77	20.38
8/8/2023 12:04:46	0.00	0.68	0.00	0.19	0.00	0.00	0.00	0.81	0.87	100.00	45.23	5.01	0	684	0	6	0	0	0	0	690	302.50	2.38	0.86	3.95	10.36	6.59	4.30	5.39	17.71	20.35
8/8/2023 12:04:49	0.00	0.74	0.00	0.15	0.00	0.00	0.00	0.81	0.88	100.00	45.23	4.97	0	736	0	4	0	0	0	0	740	302.54	2.33	0.84	4.08	10.30	6.55	4.22	5.39	17.63	20.30
8/8/2023 12:04:52	0.00	0.70	0.00	0.19	0.00	0.00	0.00	0.82	0.89	100.00	45.21	5.00	0	701	0	6	0	0	0	0	707	302.30	2.47	0.90	4.03	10.44	6.57	4.28	5.39	17.57	20.22
8/8/2023 12:04:55	0.00	0.67	0.00	0.16	0.00	0.00	0.00	0.82	0.83	100.00	45.22	4.97	0	674	0	5	0	0	0	0	679	302.20	2.33	0.82	3.92	10.39	6.47	4.29	5.39	17.51	20.16
8/8/2023 12:04:58	0.00	0.73	0.00	0.11	0.00	0.00	0.00	0.83	0.85	100.00	45.23	5.01	0	735	0	3	0	0	0	0	738	302.29	2.37	0.82	4.06	10.43	6.43	4.17	5.39	17.44	20.16
8/8/2023 12:05:01	0.00	0.71	0.00	0.18	0.00	0.00	0.00	0.82	0.89	100.00	45.23	5.04	0	710	0	5	0	0	0	0	716	301.45	2.39	0.86	4.07	10.43	6.56	4.35	5.39	17.37	20.09
8/8/2023 12:05:04	0.00	0.69	0.00	0.26	0.00	0.00	0.00	0.82	0.96	100.00	45.23	5.07	0	693	0	8	0	0	0	0	701	302.05	2.56	0.86	4.05	10.54	6.83	4.48	5.39	17.31	20.04
8/8/2023 12:05:07	0.00	0.72	0.00	0.25	0.00	0.00	0.00	0.80	0.97	100.00	45.23	5.11	0	720	0	7	0	0	0	0	727	300.92	2.65	0.77	4.17	10.34	6.74	4.33	5.39	17.25	19.98
8/8/2023 12:05:10	0.00	0.71	0.00	0.17	0.00	0.00	0.00	0.82	0.88	100.00	45.21	5.07	0	709	0	5	0	0	0	0	714	300.99	2.42	0.86	3.98	10.47	6.61	4.25	5.39	17.20	19.96
8/8/2023 12:05:13	0.00	0.70	0.00	0.17	0.00	0.00	0.00	0.82	0.87	100.00	45.22	5.01	0	696	0	5	0	0	0	0	701	301.28	2.44	0.84	4.01	10.40	6.53	4.26	5.39	17.11	19.88
8/8/2023 12:05:16	0.00	0.71	0.00	0.21	0.00	0.00	0.00	0.82	0.93	100.00	45.21	4.98	0	713	0	6	0	0	0	0	720	301.48	2.48	0.91	4.03	10.53	6.75	4.36	5.39	17.07	19.88
8/8/2023 12:05:19	0.00	0.71	0.00	0.18	0.00	0.00	0.00	0.83	0.89	100.00	45.22	5.01	0	706	0	6	0	0	0	0	711	301.94	2.49	0.87	4.04	10.61	6.60	4.36	5.39	17.01	19.80
8/8/2023 12:05:22	0.00	0.70	0.00	0.23	0.00	0.00	0.00	0.83	0.93	100.00	45.22	5.03	0	696	0	7	0	0	0	0	703	301.61	2.59	0.89	4.07	10.60	6.69	4.42	5.39	16.95	19.75
8/8/2023 12:05:25	0.00	0.71	0.00	0.21	0.00	0.00	0.00	0.83	0.93	100.00	45.22	5.04	0	714	0	6	0	0	0	0	720	301.26	2.53	0.98	4.05	10.60	6.70	4.34	5.39	16.90	19.71
8/8/2023 12:05:28	0.00	0.68	0.00	0.19	0.00	0.00	0.00	0.82	0.87	100.00	45.24	5.03	0	679	0	6	0	0	0	0	685	301.76	2.45	0.81	3.98	10.41	6.54	4.31	5.39	16.86	19.67
8/8/2023 12:05:31	0.00	0.69	0.00	0.21	0.00	0.00	0.00	0.82	0.91	100.00	45.32	5.03	0	694	0	6	0	0	0	0	701	301.03	2.49	0.89	4.03	10.44	6.63	4.33	5.40	16.80	19.64
8/8/2023 12:05:34	0.00	0.71	0.00	0.18	0.00	0.00	0.00	0.82	0.89	100.00	45.33	5.00	0	707	0	6	0	0	0	0	712	301.08	2.42	0.91	4.02	10.48	6.61	4.31	5.40	16.75	19.58
8/8/2023 12:05:37	0.00	0.70	0.00	0.24	0.00	0.00	0.00	0.82	0.94	100.00	43.96	5.01	0	699	0	7	0	0	0	0	706	300.96	2.55	0.89	4.08	10.56	6.71	4.44	5.27	16.69	19.53
8/8/2023 12:05:40	0.00	0.69	0.00	0.29	0.00	0.00	0.00	0.82	0.98	100.00	42.22	5.00	0	693	0	9	0	0	0	0	702	301.67	2.62	0.96	4.10	10.63	6.84	4.54	5.09	16.63	19.48
8/8/2023 12:05:43	0.00	0.74	0.00	0.30	0.00	0.00	0.00	0.81	1.04	100.00	40.48	5.07	0	737	0	9	0	0	0	0	746	302.03	2.68	0.84	4.28	10.53	6.93	4.58	4.92	16.58	19.43
8/8/2023 12:05:46	0.00	0.62	0.00	0.35	0.00	0.00	0.00	0.82	0.97	100.00	38.71	5.14	0	621	0	11	0	0	0	0	632	303.01	2.71	1.03	4.02	10.66	6.80	4.68	4.75	16.54	19.38
8/8/2023 12:05:49	0.00	0.62	0.00	0.45	0.00	0.00	0.00	0.81	1.08	100.00	36.75	5.22	0	623	0	14	0	0	0	0	636	302.66	2.86	1.08	4.20	10.71	6.99	4.96	4.56	16.48	19.37
8/8/2023 12:05:52	0.00	0.49	0.00	0.57	0.00	0.00	0.00	0.83	1.06	100.00	34.95	5.35	0	494	0	17	0	0	0	0	511	302.50	3.17	1.23	4.02	11.13	6.93	5.23	4.38	16.45	19.32
8/8/2023 12:05:55	0.00	0.57	0.00	0.61	0.00	0.00	0.00	0.84	1.18	100.00	33.18	5.46	0	569	0	18	0	0	0	0	588	303.18	3.34	1.14	4.27	11.28	7.25	5.37	4.21	16.39	19.22
8/8/2023 12:05:58	0.00	0.52	0.00	0.75	0.00	0.00	0.00	0.82	1.27	100.00	31.40	5.68	0	520	0	22	0	0	0	0	542	302.75	3.50	1.26	4.35	11.27	7.41	5.66	4.03	16.34	19.19
8/8/2023 12:06:01	0.00	0.57	0.00	0.73	0.00	0.00	0.00	0.84	1.30	100.00	29.61	5.90	0	565	0	22	0	0	0	0	587	302.75	3.52	1.25	4.42	11.48	7.54	5.71	3.86	16.29	19.19
8/8/2023 12:06:04	0.00	0.55	0.00	0.78	0.00	0.00	0.00	0.84	1.33	100.00	27.64	6.24	0	545	0	23	0	0	0	0	569	302.93	3.61	1.32	4.49	11.51	7.53	5.85	3.67	16.23	19.13
8/8/2023 12:06:07	0.00	0.52	0.00	0.77	0.00	0.00	0.00	0.86	1.29	100.00	25.82	6.58	0	521	0	23	0	0	0	0	544	302.89	3.65	1.28	4.46	11.80	7.44	6.01	3.49	16.19	19.01
8/8/2023 12:06:10	0.00	0.56	0.00	0.74	0.00	0.00	0.00	0.88	1.30	100.00	23.99	6.85	0	560	0	22	0	0	0	0	582	302.92	3.72	1.27	4.47	12.02	7.54	5.94	3.31	16.17	19.01
8/8/2023 12:06:13	0.00	0.56	0.00	0.77	0.00	0.00	0.00	0.89	1.33	100.00	22.17	7.22	0	558	0	23	0	0	0	0	581	303.20	3.78	1.27	4.54	12.15	7.57	6.10	3.13	16.12	19.01
8/8/2023 12:06:16	0.00	0.54	0.00	0.81	0.00	0.00	0.00	0.88	1.35	100.00	20.35	7.60	0	538	0	24	0	0	0	0	563	302.17	3.85	1.34	4.50	12.20	7.67	6.13	2.95	16.09	18.93
8/8/2023 12:06:19	0.00	0.59	0.00	0.75	0.00	0.00	0.00	0.90	1.34	100.00	18.33	8.25	0	586	0	23	0	0	0	0	608	301.94	3.86	1.34	4.62	12.29	7.53	6.05	2.75	16.06	18.85
8/8/2023 12:06:22	0.00	0.61	0.00	0.79	0.00	0.00	0.00	0.93	1.41	100.00	16.48	9.70	0	612	0	24	0	0	0	0	636	301.61	4.17	1.43	4.69	12.84	7.76	6.18	2.57	16.03	18.85
8/8/2023 12:06:25	0.00	0.62	0.00	0.81	0.00	0.00	0.00	0.94	1.43	100.00	14.63	11.31	0	624	0	24	0	0	0	0	648	301.61	4.24	1.46	4.74	13.03	7.84	6.27	2.39	15.98	18.88
8/8/2023 12:06:28	0.00	0.65	0.00	0.82	0.00	0.00	0.00	0.98	1.47	100.00	12.76	13.08	0	645	0	25	0	0	0	0	670	300.86	4.23	1.42	4.87	13.51	7.95	6.69	2.21	15.98	18.80
8/8/2023 12:06:30	0.00	0.58	0.00	1.04	0.00	0.00	0.00	1.04	1.62	100.00	10.90	16.61	0	582	0	31	0	0	0	0	613	299.40	4.81	1.31	5.21	14.50	8.19	7.74	2.03	15.96	18.74
8/8/2023 12:06:34	0.00	0.50	0.87	1.29	0.00	0.00	0.00	1.12	2.65	100.00	8.85	21.24	0	495	389	39	0	0	0	0	923	296.93	6.62	1.71	6.04	17.26	9.04	11.28	1.82	15.95	18.71
8/8/2023 12:06:37	0.00	0.54	1.85	1.24	0.00	0.00	0.00	1.07	3.63	100.00	6.98	22.41	0	544	833	37	0	0	0	0	1414	295.76	7.77	1.86	6.63	18.29	9.71	13.52	1.64	15.99	18.66
8/8/2023 12:06:39	0.00	0.62	2.68	0.95	0.00	0.00	0.00	0.98	4.26	100.00	5.10	22.62	0	624	1208	29	0	0	0	0	1860	295.91	8.77	1.64	6.98	18.43	9.57	14.32	1.46	16.00	18.64
8/8/2023 12:06:42	0.00	0.73	3.91	0.72	0.00	0.00	0.00	0.80	5.36	100.00	3.20	22.73	0	728	1759	22	0	0	0	0	2509	296.28	9.41	2.53	7.76	17.97	9.63	16.10	1.27	16.02	18.58
8/8/2023 12:06:45	0.00	0.73	4.63	0.04	0.00	0.00	0.00	0.74	5.41	100.00	1.33	22.73	0	733	2085	1	0	0	0	0	2820	295.01	9.63	2.51	7.54	17.56	7.93	15.66	1.09	16.03	18.58
8/8/2023 12:06:49	0.00	1.57	4.52	0.27	0.00	0.00	0.00	0.76	6.36	100.00	0.37	22.91	0	1566	2033	8	0	0	0	0	3607	296.65	12.38	1.94	10.15	18.69	9.85	14.88	0.99	16.09	18.50
8/8/2023 12:06:51	2.18	0.23	0.01	2.99	0.00	0.00	0.00	0.95	5.41	100.00	0.38	22.84	1158	227	6	90	0	0	0	0	1480	299.38	8.77	2.02	7.75	19.50	13.49	16.65	0.99	16.13	18.47
8/8/2023 12:06:54	3.20	0.04	2.83	1.23	0.00	0.00	0.00	0.60	7.30	100.00	0.39	22.89	1698	37	1274	37	0	0	0	0	3046	297.69	8.88	3.11	7.54	18.77	9.92	19.82	1.00	16.16	18.43
8/8/2023 12:06:57	1.08	1.41	2.13	0.83	0.00	0.00	0.00	0.98	5.45	100.00	0.42	22.87	572	1414	957	25	0	0	0	0	2968	295.84	7.75	2.07	9.06	19.15	11.46	15.21	1.00	16.19	18.42
8/8/2023 12:07:00	0.00	0.19	2.69	2.13	0.00	0.00	0.00	0.89	5.01	100.00	0.52	22.92	0	190	1210	64	0	0	0	0	1464	298.11	11.20	2.24	7.39	19.04	11.14	16.24	1.01	16.22	18.40
8/8/2023 12:07:03	0.00	0.00	3.16	1.98	0.00	0.00	0.00	0.79	5.15	100.00	1.49	23.02	0	0	1423	60	0	0	0	0	1482	296.36	10.85	2.11	5.72	18.11	11.36	17.00	1.10	16.25	18.34
8/8/2023 12:07:06	0.48	0.00	2.85	1.81	0.00	0.00	0.00	0.90	5.15	100.00	2.50	23.06	256	0	1282	54	0	0	0	0	1592	297.12	9.73	2.81	6.71	19.35	10.50	17.60	1.20	16.29	18.27
8/8/2023 12:07:09	1.64	0.27	3.17	1.18	0.00	0.00	0.00	0.59	6.26	100.00	3.30	23.05	868	269	1425	35	0	0	0	0	2598	297.14	8.89	1.76	7.12	16.84	10.45	17.40	1.28	16.34	18.30
8/8/2023 12:07:12	0.39	0.31	2.88	1.69	0.00	0.00	0.00	0.79	5.27	100.00	4.29	23.08	205	312	1296	51	0	0	0	0	1864	296.55	9.50	1.94	7.15	17.91	11.20	16.60	1.38	16.39	18.29
8/8/2023 12:07:15	0.24	0.51	3.17	1.09	0.00	0.00	0.00	0.86	5.00	100.00	5.38	23.07	125	510	1425	33	0	0	0	0	2092	295.45	8.84	2.09	7.14	18.17	10.14	16.04	1.48	16.45	18.29
8/8/2023 12:07:18	0.00	0.32	2.95	1.44	0.00	0.00	0.00	0.86	4.71	100.00	6.32	23.06	0	319	1328	43	0	0	0	0	1690	295.63	9.09	2.21	6.84	17.94	10.26	15.80	1.58	16.49	18.24
8/8/2023 12:07:21	0.00	0.39	2.34	1.38	0.00	0.00	0.00	1.00	4.11	100.00	7.38	23.02	0	387	1055	41	0	0	0	0	1484	295.58	8.57	2.26	6.74	18.54	9.84	14.78	1.68	16.55	18.26
8/8/2023 12:07:24	0.00	0.39	2.36	1.26	0.00	0.00	0.00	1.02	4.01	100.00	8.37	22.99	0	393	1062	38	0	0	0	0	1493	296.27	8.34	1.85	6.50	18.59	9.79	14.69	1.78	16.61	18.26
8/8/2023 12:07:27	0.00	0.47	1.73	1.21	0.00	0.00	0.00	1.13	3.41	100.00	9.51	22.94	0	466	779	36	0	0	0	0	1281	296.07	7.72	1.86	6.38	18.77	9.38	13.45	1.89	16.67	18.24
8/8/2023 12:07:30	0.00	0.49	1.38	1.15	0.00	0.00	0.00	1.13	3.02	100.00	10.60	22.04	0	489	621	35	0	0	0	0	1145	296.40	7.27	1.72	6.19	18.19	9.00	12.34	2.00	16.74	18.24
8/8/2023 12:07:33	0.00	0.36	0.54	1.27	0.00	0.00	0.00	1.08	2.17	100.00	11.71	19.11	0	360	241	38	0	0	0	0	639	298.22	5.86	1.61	5.44	16.06	8.46	10.17	2.10	16.80	18.21
8/8/2023 12:07:36	0.00	0.42	0.00	1.10	0.00	0.00	0.00	1.08	1.53	100.00	12.76	16.06	0	424	0	33	0	0	0	0	457	299.28	4.89	1.50	4.99	14.90	7.87	8.13	2.21	16.87	18.21
8/8/2023 12:07:39	0.00	0.57	0.00	0.78	0.00	0.00	0.00	1.06	1.36	100.00	13.77	14.49	0	574	0	23	0	0	0	0	597	300.29	4.32	1.43	4.77	14.29	7.61	7.05	2.31	16.92	18.22
8/8/2023 12:07:42	0.00	0.59	0.00	0.66	0.00	0.00	0.00	1.03	1.25	100.00	14.79	13.24	0	587	0	20	0	0	0	0	607	301.28	4.10	1.37	4.52	13.90	7.46	6.50	2.41	16.99	18.22
8/8/2023 12:07:45	0.00	0.56	0.00	0.67	0.00	0.00	0.00	0.99	1.24	100.00	15.87	12.35	0	565	0	20	0	0	0	0	585	301.88	4.02	1.33	4.39	13.42	7.48	6.23	2.51	17.04	18.29
8/8/2023 12:07:48	0.00	0.54	0.00	0.70	0.00	0.00	0.00	0.99	1.25	100.00	17.00	11.34	0	545	0	21	0	0	0	0	566	301.76	4.09	1.36	4.42	13.35	7.43	6.26	2.62	17.07	18.30
8/8/2023 12:07:51	0.00	0.51	0.00	0.69	0.00	0.00	0.00	0.98	1.21	100.00	18.05	10.42	0	514	0	21	0	0	0	0	534	302.20	4.06	1.37	4.34	13.24	7.30	6.19	2.73	17.13	18.19
8/8/2023 12:07:54	0.00	0.45	0.00	0.75	0.00	0.00	0.00	0.94	1.21	100.00	18.96	9.45	0	455	0	23	0	0	0	0	478	301.98	3.97	1.36	4.31	12.83	7.23	6.26	2.82	17.17	18.27
8/8/2023 12:07:57	0.00	0.43	0.00	0.73	0.00	0.00	0.00	0.93	1.16	100.00	19.84	8.87	0	432	0	22	0	0	0	0	454	302.21	3.87	1.28	4.20	12.58	7.14	6.14	2.90	17.20	18.22
8/8/2023 12:08:00	0.00	0.43	0.00	0.69	0.00	0.00	0.00	0.92	1.12	100.00	20.68	8.41	0	433	0	21	0	0	0	0	454	302.20	3.75	1.24	4.17	12.37	7.02	6.01	2.98	17.23	18.22
8/8/2023 12:08:03	0.00	0.42	0.00	0.71	0.00	0.00	0.00	0.92	1.13	100.00	21.63	8.07	0	418	0	21	0	0	0	0	440	302.76	3.72	1.22	4.17	12.45	7.06	6.18	3.08	17.28	18.27
8/8/2023 12:08:06	0.00	0.43	0.00	0.70	0.00	0.00	0.00	0.91	1.13	100.00	22.46	7.97	0	428	0	21	0	0	0	0	449	302.95	3.70	1.23	4.15	12.31	7.08	6.04	3.16	17.31	18.26
8/8/2023 12:08:09	0.00	0.41	0.00	0.76	0.00	0.00	0.00	0.91	1.17	100.00	23.40	7.75	0	411	0	23	0	0	0	0	434	302.81	3.74	1.24	4.20	12.30	7.14	6.19	3.25	17.34	18.26
8/8/2023 12:08:12	0.00	0.46	0.00	0.68	0.00	0.00	0.00	0.92	1.14	100.00	24.25	7.41	0	455	0	20	0	0	0	0	476	302.77	3.69	1.19	4.23	12.32	7.05	6.04	3.33	17.38	18.27
8/8/2023 12:08:15	0.00	0.43	0.00	0.70	0.00	0.00	0.00	0.91	1.12	100.00	24.94	7.14	0	425	0	21	0	0	0	0	446	303.03	3.70	1.25	4.15	12.26	7.03	6.00	3.40	17.42	18.29
8/8/2023 12:08:18	0.00	0.44	0.00	0.77	0.00	0.00	0.00	0.89	1.20	100.00	25.72	7.05	0	436	0	23	0	0	0	0	459	302.98	3.74	1.30	4.27	12.15	7.20	6.13	3.48	17.45	18.29
8/8/2023 12:08:21	0.00	0.42	0.00	0.72	0.00	0.00	0.00	0.88	1.15	100.00	26.41	6.97	0	424	0	22	0	0	0	0	446	303.10	3.59	1.25	4.14	11.97	7.13	5.98	3.55	17.49	18.29
8/8/2023 12:08:24	0.00	0.47	0.00	0.58	0.00	0.00	0.00	0.88	1.06	100.00	27.33	6.81	0	471	0	18	0	0	0	0	489	303.81	3.38	1.14	4.14	11.75	6.83	5.65	3.64	17.50	18.29
8/8/2023 12:08:27	0.00	0.47	0.00	0.60	0.00	0.00	0.00	0.88	1.07	100.00	28.23	6.58	0	467	0	18	0	0	0	0	485	303.62	3.38	1.12	4.07	11.75	6.97	5.65	3.72	17.53	18.29
8/8/2023 12:08:30	0.00	0.45	0.00	0.72	0.00	0.00	0.00	0.88	1.17	100.00	29.13	6.38	0	446	0	22	0	0	0	0	468	303.55	3.55	1.22	4.27	11.84	7.08	6.01	3.81	17.54	18.24
8/8/2023 12:08:33	0.00	0.49	0.00	0.65	0.00	0.00	0.00	0.87	1.14	100.00	30.08	6.23	0	493	0	20	0	0	0	0	512	303.81	3.40	1.29	4.25	11.68	7.05	5.75	3.90	17.56	18.29
8/8/2023 12:08:36	0.00	0.47	0.00	0.64	0.00	0.00	0.00	0.87	1.11	100.00	30.94	6.14	0	468	0	19	0	0	0	0	487	303.93	3.38	1.20	4.09	11.67	7.07	5.67	3.99	17.56	18.35
8/8/2023 12:08:39	0.00	0.48	0.00	0.61	0.00	0.00	0.00	0.87	1.10	100.00	31.90	6.03	0	484	0	18	0	0	0	0	503	303.72	3.39	1.18	4.16	11.65	6.97	5.63	4.08	17.58	18.27
8/8/2023 12:08:42	0.00	0.44	0.00	0.69	0.00	0.00	0.00	0.85	1.13	100.00	32.95	5.84	0	439	0	21	0	0	0	0	460	303.52	3.40	1.17	4.12	11.41	7.06	5.70	4.19	17.57	18.32
8/8/2023 12:08:45	0.00	0.44	0.00	0.65	0.00	0.00	0.00	0.86	1.09	100.00	33.99	5.66	0	438	0	20	0	0	0	0	458	303.99	3.45	1.24	4.11	11.55	6.90	5.63	4.29	17.59	18.32
8/8/2023 12:08:48	0.00	0.45	0.00	0.61	0.00	0.00	0.00	0.84	1.06	100.00	35.06	5.53	0	452	0	18	0	0	0	0	470	303.83	3.31	1.17	4.03	11.31	6.89	5.44	4.39	17.57	18.29
8/8/2023 12:08:51	0.00	0.49	0.00	0.59	0.00	0.00	0.00	0.84	1.07	100.00	36.09	5.46	0	485	0	18	0	0	0	0	503	304.00	3.23	1.17	4.12	11.16	6.88	5.38	4.49	17.59	18.27
8/8/2023 12:08:54	0.00	0.52	0.00	0.56	0.00	0.00	0.00	0.82	1.08	100.00	37.12	5.39	0	522	0	17	0	0	0	0	538	304.39	3.08	1.10	4.14	10.88	6.93	5.24	4.59	17.57	18.22
8/8/2023 12:08:57	0.00	0.53	0.00	0.43	0.00	0.00	0.00	0.84	0.96	100.00	38.16	5.33	0	532	0	13	0	0	0	0	545	304.15	2.97	1.01	4.02	10.96	6.64	5.00	4.70	17.54	18.26
8/8/2023 12:08:59	0.00	0.52	0.00	0.43	0.00	0.00	0.00	0.82	0.95	100.00	39.08	5.25	0	520	0	13	0	0	0	0	533	304.54	2.85	1.05	3.99	10.74	6.57	4.95	4.79	17.54	18.24
8/8/2023 12:09:03	0.00	0.53	0.00	0.40	0.00	0.00	0.00	0.83	0.93	100.00	40.07	5.24	0	527	0	12	0	0	0	0	539	304.50	2.87	1.01	3.94	10.77	6.58	4.85	4.88	17.53	18.24
8/8/2023 12:09:06	0.00	0.53	0.00	0.37	0.00	0.00	0.00	0.82	0.90	100.00	41.07	5.16	0	530	0	11	0	0	0	0	541	303.99	2.71	0.94	3.88	10.64	6.54	4.80	4.98	17.49	18.24
8/8/2023 12:09:08	0.00	0.57	0.00	0.31	0.00	0.00	0.00	0.82	0.88	100.00	42.05	5.09	0	568	0	9	0	0	0	0	577	304.33	2.67	0.97	3.89	10.62	6.49	4.62	5.08	17.47	18.19
8/8/2023 12:09:11	0.00	0.61	0.00	0.28	0.00	0.00	0.00	0.84	0.89	100.00	42.90	5.06	0	608	0	8	0	0	0	0	616	304.25	2.62	0.89	3.95	10.81	6.58	4.71	5.16	17.45	18.21
8/8/2023 12:09:14	0.00	0.61	0.00	0.26	0.00	0.00	0.00	0.85	0.87	100.00	43.73	5.02	0	607	0	8	0	0	0	0	614	303.96	2.65	0.91	3.97	10.85	6.47	4.68	5.24	17.44	18.26
8/8/2023 12:09:17	0.00	0.64	0.00	0.19	0.00	0.00	0.00	0.84	0.83	100.00	44.73	4.95	0	637	0	6	0	0	0	0	643	304.14	2.49	0.91	3.91	10.66	6.40	4.42	5.34	17.39	18.19
8/8/2023 12:09:20	0.00	0.69	0.00	0.17	0.00	0.00	0.00	0.85	0.86	100.00	45.13	4.99	0	687	0	5	0	0	0	0	692	303.98	2.45	0.93	4.01	10.78	6.49	4.47	5.38	17.37	18.19
8/8/2023 12:09:23	0.00	0.65	0.00	0.17	0.00	0.00	0.00	0.85	0.82	100.00	45.11	5.02	0	648	0	5	0	0	0	0	653	303.66	2.46	0.83	3.88	10.72	6.46	4.42	5.38	17.33	18.19
8/8/2023 12:09:26	0.00	0.63	0.00	0.19	0.00	0.00	0.00	0.84	0.82	100.00	45.09	5.01	0	628	0	6	0	0	0	0	634	304.08	2.46	0.84	3.93	10.65	6.36	4.51	5.38	17.30	18.14
8/8/2023 12:09:29	0.00	0.64	0.00	0.20	0.00	0.00	0.00	0.84	0.84	100.00	45.07	5.02	0	643	0	6	0	0	0	0	649	303.60	2.47	0.88	3.96	10.69	6.41	4.51	5.37	17.25	18.08
8/8/2023 12:09:32	0.00	0.64	0.00	0.16	0.00	0.00	0.00	0.85	0.81	100.00	43.45	5.07	0	644	0	5	0	0	0	0	649	303.77	2.44	0.86	3.91	10.74	6.36	4.45	5.21	17.23	18.16
8/8/2023 12:09:35	0.00	0.62	0.00	0.24	0.00	0.00	0.00	0.83	0.86	100.00	41.56	5.12	0	619	0	7	0	0	0	0	626	304.26	2.55	0.89	3.91	10.66	6.51	4.52	5.03	17.19	18.06
8/8/2023 12:09:38	0.00	0.57	0.00	0.31	0.00	0.00	0.00	0.83	0.88	100.00	39.69	5.18	0	571	0	9	0	0	0	0	580	305.15	2.71	0.99	3.86	10.73	6.55	4.60	4.85	17.13	18.11
8/8/2023 12:09:41	0.00	0.52	0.00	0.48	0.00	0.00	0.00	0.82	0.99	100.00	37.81	5.27	0	517	0	14	0	0	0	0	531	304.79	2.93	1.07	3.99	10.77	6.76	5.01	4.66	17.08	18.06
8/8/2023 12:09:44	0.00	0.55	0.00	0.44	0.00	0.00	0.00	0.82	0.99	100.00	35.96	5.35	0	549	0	13	0	0	0	0	563	305.32	2.92	1.02	4.02	10.76	6.76	4.92	4.48	17.07	18.00
8/8/2023 12:09:47	0.00	0.50	0.00	0.60	0.00	0.00	0.00	0.84	1.11	100.00	33.87	5.45	0	505	0	18	0	0	0	0	523	305.46	3.26	1.12	4.17	11.26	7.01	5.48	4.28	17.01	17.98
8/8/2023 12:09:50	0.00	0.50	0.00	0.66	0.00	0.00	0.00	0.84	1.17	100.00	31.98	5.63	0	502	0	20	0	0	0	0	522	305.79	3.38	1.16	4.26	11.38	7.14	5.65	4.09	16.96	17.98
8/8/2023 12:09:53	0.00	0.49	0.00	0.71	0.00	0.00	0.00	0.85	1.19	100.00	30.09	5.88	0	488	0	21	0	0	0	0	510	306.05	3.40	1.20	4.27	11.49	7.23	5.82	3.91	16.95	17.95
8/8/2023 12:09:56	0.00	0.49	0.00	0.72	0.00	0.00	0.00	0.85	1.21	100.00	28.20	6.11	0	487	0	22	0	0	0	0	509	305.30	3.50	1.18	4.29	11.53	7.27	5.81	3.72	16.90	17.92
8/8/2023 12:09:59	0.00	0.52	0.00	0.66	0.00	0.00	0.00	0.88	1.18	100.00	26.32	6.42	0	523	0	20	0	0	0	0	542	304.99	3.48	1.21	4.36	11.82	7.15	5.86	3.54	16.86	17.93
8/8/2023 12:10:02	0.00	0.49	0.00	0.77	0.00	0.00	0.00	0.88	1.26	100.00	24.23	6.79	0	487	0	23	0	0	0	0	510	305.52	3.70	1.22	4.36	11.98	7.40	6.07	3.33	16.81	17.90
8/8/2023 12:10:05	0.00	0.52	0.00	0.83	0.00	0.00	0.00	0.88	1.35	100.00	22.31	7.22	0	517	0	25	0	0	0	0	542	305.17	3.81	1.28	4.49	12.14	7.66	6.24	3.14	16.77	17.84
8/8/2023 12:10:08	0.00	0.53	0.00	0.79	0.00	0.00	0.00	0.90	1.32	100.00	20.39	7.70	0	533	0	24	0	0	0	0	557	304.83	3.87	1.23	4.53	12.35	7.54	6.24	2.96	16.72	17.81
8/8/2023 12:10:11	0.00	0.57	0.00	0.77	0.00	0.00	0.00	0.92	1.34	100.00	18.46	8.26	0	570	0	23	0	0	0	0	593	304.83	3.91	1.31	4.55	12.61	7.66	6.22	2.77	16.68	17.81
8/8/2023 12:10:14	0.00	0.54	0.00	0.81	0.00	0.00	0.00	0.93	1.35	100.00	16.54	9.37	0	544	0	24	0	0	0	0	568	304.28	4.05	1.33	4.53	12.76	7.67	6.30	2.58	16.64	17.77
8/8/2023 12:10:17	0.00	0.62	0.00	0.77	0.00	0.00	0.00	0.96	1.39	100.00	14.43	11.33	0	618	0	23	0	0	0	0	641	303.79	4.19	1.36	4.72	13.17	7.72	6.34	2.37	16.61	17.72
8/8/2023 12:10:20	0.00	0.68	0.00	0.78	0.00	0.00	0.00	1.00	1.46	100.00	12.49	13.23	0	677	0	24	0	0	0	0	700	302.96	4.26	1.37	4.91	13.75	7.96	6.70	2.18	16.60	17.68
8/8/2023 12:10:23	0.00	0.51	0.00	1.17	0.00	0.00	0.00	1.05	1.68	100.00	10.54	17.31	0	513	0	35	0	0	0	0	548	301.32	5.02	1.40	5.30	14.76	8.23	8.21	1.99	16.57	17.66
8/8/2023 12:10:26	0.00	0.58	1.27	1.00	0.00	0.00	0.00	1.12	2.85	100.00	8.60	21.36	0	581	571	30	0	0	0	0	1183	299.01	6.76	1.55	6.13	17.65	8.80	11.66	1.80	16.58	17.60
8/8/2023 12:10:29	0.00	0.26	1.57	1.42	0.00	0.00	0.00	1.14	3.25	100.00	6.67	22.36	0	259	707	43	0	0	0	0	1009	298.86	7.81	1.79	5.97	18.86	9.39	13.59	1.61	16.58	17.61
8/8/2023 12:10:32	0.15	0.59	3.42	1.03	0.00	0.00	0.00	0.79	5.19	100.00	4.53	22.71	78	592	1541	31	0	0	0	0	2242	298.68	8.97	1.98	7.32	17.49	10.30	15.95	1.40	16.61	17.56
8/8/2023 12:10:35	0.00	0.00	1.19	2.76	0.00	0.00	0.00	0.96	3.95	100.00	2.59	22.74	0	0	537	83	0	0	0	0	620	298.99	9.65	1.69	5.74	17.91	12.34	14.71	1.21	16.62	17.56
8/8/2023 12:10:38	3.27	0.00	0.00	2.06	0.00	0.00	0.00	0.66	5.34	100.00	0.71	22.83	1735	0	0	62	0	0	0	0	1797	299.58	6.45	1.34	4.99	15.66	11.69	15.17	1.03	16.62	17.53
8/8/2023 12:10:41	0.00	0.00	2.09	2.14	0.00	0.00	0.00	0.81	4.22	100.00	0.28	22.96	0	0	939	64	0	0	0	0	1003	298.90	9.91	0.31	5.68	16.69	11.42	14.36	0.98	16.65	17.52
8/8/2023 12:10:44	0.00	0.00	3.23	1.52	0.00	0.00	0.00	0.36	4.75	100.00	0.28	22.92	0	0	1452	46	0	0	0	0	1498	299.88	9.03	1.68	4.55	12.10	10.12	13.64	0.98	16.67	17.47
8/8/2023 12:10:47	0.11	0.00	4.92	0.36	0.00	0.00	0.00	0.45	5.39	100.00	0.27	22.83	59	0	2214	11	0	0	0	0	2284	298.25	8.71	0.27	2.30	14.21	10.20	16.87	0.98	16.69	17.47
8/8/2023 12:10:50	0.00	0.00	2.67	1.14	0.00	0.00	0.00	1.01	3.81	100.00	0.29	22.87	0	0	1201	34	0	0	0	0	1235	296.76	12.47	2.82	4.51	19.17	7.17	12.94	0.99	16.71	17.43
8/8/2023 12:10:53	0.00	0.12	3.56	2.16	0.00	0.00	0.00	0.40	5.84	100.00	0.41	22.96	0	124	1600	65	0	0	0	0	1789	300.21	10.43	5.45	8.25	14.43	9.91	16.12	1.00	16.73	17.42
8/8/2023 12:10:56	0.00	0.00	0.00	3.19	0.00	0.00	0.00	0.94	3.19	100.00	0.40	22.86	0	0	0	96	0	0	0	0	96	301.44	8.71	5.25	3.33	16.07	12.17	12.79	1.00	16.77	17.40
8/8/2023 12:10:59	0.00	0.00	3.92	1.22	0.00	0.00	0.00	0.71	5.14	100.00	0.96	22.94	0	0	1763	37	0	0	0	0	1800	300.33	10.36	4.33	1.64	16.89	10.48	17.23	1.05	16.82	17.39
8/8/2023 12:11:02	2.85	0.00	1.03	2.82	0.00	0.00	0.00	0.58	6.70	100.00	1.70	23.07	1511	0	465	85	0	0	0	0	2060	305.02	9.22	3.13	7.49	17.28	12.89	18.13	1.12	16.83	17.35
8/8/2023 12:11:05	0.48	0.28	1.79	1.90	0.00	0.00	0.00	1.08	4.45	100.00	2.44	23.08	256	276	806	57	0	0	0	0	1395	300.25	8.83	2.44	6.98	19.98	10.95	16.11	1.20	16.88	17.39
8/8/2023 12:11:08	0.18	0.58	4.27	0.80	0.00	0.00	0.00	0.69	5.83	100.00	3.14	23.14	97	579	1920	24	0	0	0	0	2620	299.61	9.53	3.19	7.82	17.59	9.57	17.15	1.27	16.92	17.37
8/8/2023 12:11:11	0.00	0.98	4.11	1.01	0.00	0.00	0.00	0.64	6.10	100.00	4.16	23.15	0	979	1851	30	0	0	0	0	2861	300.06	10.04	2.90	8.86	16.92	10.84	16.39	1.37	16.96	17.35
8/8/2023 12:11:13	0.29	0.48	3.09	1.29	0.00	0.00	0.00	0.82	5.16	100.00	4.94	23.11	155	478	1392	39	0	0	0	0	2064	300.51	9.05	2.47	7.36	17.87	10.36	16.16	1.44	17.01	17.39
8/8/2023 12:11:17	0.09	0.63	3.18	1.17	0.00	0.00	0.00	0.88	5.06	100.00	5.85	23.10	47	626	1431	35	0	0	0	0	2138	298.78	9.09	1.61	7.33	18.31	10.84	16.06	1.53	17.07	17.32
8/8/2023 12:11:20	0.56	0.22	2.40	1.43	0.00	0.00	0.00	0.88	4.62	100.00	6.60	23.09	299	220	1082	43	0	0	0	0	1644	300.05	8.39	2.08	6.52	17.86	9.99	15.55	1.60	17.12	17.35
8/8/2023 12:11:23	0.00	0.29	2.48	1.28	0.00	0.00	0.00	0.97	4.05	100.00	7.50	23.02	0	287	1116	38	0	0	0	0	1441	299.62	8.44	2.19	6.41	18.18	9.43	14.72	1.69	17.17	17.35
8/8/2023 12:11:25	0.00	0.46	1.91	1.16	0.00	0.00	0.00	1.13	3.52	100.00	8.16	22.99	0	456	857	35	0	0	0	0	1348	299.58	7.84	1.86	6.38	19.01	9.36	13.82	1.76	17.24	17.32
8/8/2023 12:11:28	0.00	0.49	1.98	1.03	0.00	0.00	0.00	1.10	3.51	100.00	8.98	22.98	0	492	893	31	0	0	0	0	1416	299.43	7.73	1.86	6.39	18.66	9.10	13.54	1.84	17.30	17.37
8/8/2023 12:11:32	0.00	0.43	1.65	1.07	0.00	0.00	0.00	1.15	3.15	100.00	9.71	22.96	0	434	743	32	0	0	0	0	1209	300.10	7.38	1.78	6.09	18.63	8.88	12.99	1.91	17.38	17.37
8/8/2023 12:11:34	0.00	0.39	1.21	1.20	0.00	0.00	0.00	1.16	2.80	100.00	10.46	22.61	0	389	544	36	0	0	0	0	969	299.95	6.98	1.73	5.88	18.22	8.85	12.24	1.98	17.44	17.35
8/8/2023 12:11:37	0.00	0.35	0.63	1.26	0.00	0.00	0.00	1.14	2.25	100.00	11.15	21.09	0	351	285	38	0	0	0	0	673	300.63	6.33	1.61	5.53	17.03	8.45	10.65	2.05	17.51	17.37
8/8/2023 12:11:40	0.00	0.37	0.49	1.10	0.00	0.00	0.00	1.06	1.97	100.00	11.79	18.62	0	374	221	33	0	0	0	0	628	301.23	5.63	1.43	5.26	15.56	7.95	9.43	2.11	17.57	17.37
8/8/2023 12:11:43	0.00	0.45	0.00	1.06	0.00	0.00	0.00	1.05	1.51	100.00	12.53	16.31	0	453	0	32	0	0	0	0	484	302.58	4.80	1.50	4.97	14.58	7.83	7.83	2.18	17.65	17.35
8/8/2023 12:11:46	0.00	0.55	0.00	0.78	0.00	0.00	0.00	1.06	1.33	100.00	13.39	15.01	0	549	0	24	0	0	0	0	572	303.12	4.39	1.34	4.74	14.35	7.53	7.09	2.27	17.70	17.39
8/8/2023 12:11:49	0.00	0.48	0.00	0.76	0.00	0.00	0.00	1.04	1.24	100.00	14.10	14.20	0	484	0	23	0	0	0	0	507	303.78	4.24	1.37	4.52	14.00	7.29	6.87	2.34	17.72	17.43
8/8/2023 12:11:52	0.00	0.53	0.00	0.75	0.00	0.00	0.00	1.02	1.29	100.00	14.71	13.39	0	534	0	23	0	0	0	0	557	303.97	4.15	1.35	4.59	13.73	7.44	6.75	2.40	17.80	17.42
8/8/2023 12:11:55	0.00	0.49	0.00	0.68	0.00	0.00	0.00	1.01	1.17	100.00	15.47	12.79	0	493	0	20	0	0	0	0	513	304.71	4.07	1.33	4.35	13.51	7.18	6.39	2.47	17.85	17.48
8/8/2023 12:11:58	0.00	0.46	0.00	0.74	0.00	0.00	0.00	0.99	1.20	100.00	16.02	12.24	0	460	0	22	0	0	0	0	482	305.27	4.10	1.33	4.32	13.35	7.24	6.44	2.53	17.90	17.56
8/8/2023 12:12:01	0.00	0.51	0.00	0.67	0.00	0.00	0.00	1.00	1.18	100.00	16.94	11.26	0	514	0	20	0	0	0	0	534	305.17	4.09	1.31	4.37	13.41	7.20	6.27	2.62	17.94	17.48
8/8/2023 12:12:04	0.00	0.52	0.00	0.64	0.00	0.00	0.00	0.98	1.15	100.00	17.72	10.48	0	515	0	19	0	0	0	0	535	305.66	4.00	1.24	4.31	13.18	7.14	6.09	2.69	17.98	17.48
8/8/2023 12:12:07	0.00	0.44	0.00	0.74	0.00	0.00	0.00	0.95	1.18	100.00	18.50	9.75	0	439	0	22	0	0	0	0	461	306.11	4.02	1.27	4.25	12.88	7.18	6.24	2.77	18.02	17.56
8/8/2023 12:12:10	0.00	0.45	0.00	0.68	0.00	0.00	0.00	0.94	1.13	100.00	19.19	9.12	0	448	0	21	0	0	0	0	469	305.51	3.83	1.23	4.20	12.68	7.07	6.11	2.84	18.06	17.48
8/8/2023 12:12:13	0.00	0.42	0.00	0.73	0.00	0.00	0.00	0.93	1.15	100.00	19.90	8.68	0	425	0	22	0	0	0	0	447	305.88	3.85	1.15	4.22	12.50	7.10	6.18	2.91	18.08	17.50
8/8/2023 12:12:16	0.00	0.36	0.00	0.77	0.00	0.00	0.00	0.91	1.13	100.00	20.68	8.17	0	357	0	23	0	0	0	0	380	305.94	3.82	1.24	4.12	12.29	6.98	6.20	2.98	18.11	17.60
8/8/2023 12:12:19	0.00	0.41	0.00	0.72	0.00	0.00	0.00	0.91	1.13	100.00	21.45	8.09	0	408	0	22	0	0	0	0	430	306.34	3.76	1.20	4.15	12.33	7.04	6.10	3.06	18.14	17.63
8/8/2023 12:12:22	0.00	0.46	0.00	0.70	0.00	0.00	0.00	0.91	1.17	100.00	22.14	7.90	0	465	0	21	0	0	0	0	486	306.57	3.75	1.22	4.33	12.31	7.07	6.09	3.13	18.16	17.64
8/8/2023 12:12:25	0.00	0.42	0.00	0.70	0.00	0.00	0.00	0.91	1.13	100.00	22.90	7.78	0	423	0	21	0	0	0	0	444	306.45	3.72	1.16	4.17	12.25	7.03	6.05	3.20	18.20	17.64
8/8/2023 12:12:28	0.00	0.42	0.00	0.68	0.00	0.00	0.00	0.91	1.10	100.00	23.56	7.60	0	421	0	20	0	0	0	0	441	306.91	3.57	1.16	4.13	12.25	7.01	6.09	3.27	18.21	17.63
8/8/2023 12:12:31	0.00	0.41	0.00	0.72	0.00	0.00	0.00	0.89	1.13	100.00	24.15	7.22	0	411	0	22	0	0	0	0	433	306.94	3.69	1.20	4.13	12.05	7.05	5.96	3.32	18.24	17.61
8/8/2023 12:12:34	0.00	0.42	0.00	0.72	0.00	0.00	0.00	0.89	1.15	100.00	24.73	7.07	0	425	0	22	0	0	0	0	446	306.89	3.64	1.18	4.18	12.06	7.10	6.05	3.38	18.25	17.66
8/8/2023 12:12:37	0.00	0.40	0.00	0.69	0.00	0.00	0.00	0.89	1.09	100.00	25.44	7.00	0	401	0	21	0	0	0	0	422	306.81	3.62	1.20	4.12	11.94	6.89	5.91	3.45	18.26	17.69
8/8/2023 12:12:40	0.00	0.41	0.00	0.70	0.00	0.00	0.00	0.89	1.11	100.00	26.32	6.95	0	411	0	21	0	0	0	0	432	306.56	3.55	1.16	4.02	11.95	7.11	5.89	3.54	18.25	17.66
8/8/2023 12:12:43	0.00	0.41	0.00	0.65	0.00	0.00	0.00	0.88	1.06	100.00	27.14	6.81	0	412	0	19	0	0	0	0	431	307.08	3.48	1.18	4.07	11.77	6.83	5.77	3.62	18.26	17.77
8/8/2023 12:12:46	0.00	0.42	0.00	0.67	0.00	0.00	0.00	0.89	1.08	100.00	28.06	6.62	0	417	0	20	0	0	0	0	437	307.16	3.53	1.17	4.11	11.91	6.90	5.88	3.71	18.27	17.76
8/8/2023 12:12:49	0.00	0.42	0.00	0.75	0.00	0.00	0.00	0.88	1.18	100.00	28.80	6.43	0	423	0	23	0	0	0	0	445	307.51	3.70	1.17	4.27	11.98	7.09	6.11	3.78	18.27	17.77
8/8/2023 12:12:52	0.00	0.43	0.00	0.75	0.00	0.00	0.00	0.86	1.18	100.00	29.55	6.26	0	430	0	23	0	0	0	0	453	307.82	3.66	1.19	4.24	11.74	7.12	5.93	3.85	18.27	17.74
8/8/2023 12:12:55	0.00	0.43	0.00	0.73	0.00	0.00	0.00	0.87	1.17	100.00	30.30	6.21	0	433	0	22	0	0	0	0	455	307.37	3.61	1.11	4.18	11.77	7.15	5.93	3.93	18.26	17.76
8/8/2023 12:12:58	0.00	0.44	0.00	0.69	0.00	0.00	0.00	0.86	1.13	100.00	30.90	6.18	0	439	0	21	0	0	0	0	460	307.44	3.46	1.09	4.14	11.60	7.08	5.82	3.99	18.26	17.77
8/8/2023 12:13:01	0.00	0.46	0.00	0.67	0.00	0.00	0.00	0.86	1.13	100.00	31.61	6.12	0	457	0	20	0	0	0	0	477	307.44	3.42	1.14	4.13	11.52	7.08	5.69	4.05	18.24	17.71
8/8/2023 12:13:04	0.00	0.46	0.00	0.69	0.00	0.00	0.00	0.84	1.15	100.00	32.23	5.99	0	459	0	21	0	0	0	0	480	307.30	3.42	1.18	4.22	11.40	7.06	5.74	4.12	18.22	17.79
8/8/2023 12:13:07	0.00	0.39	0.00	0.74	0.00	0.00	0.00	0.85	1.13	100.00	32.97	5.85	0	390	0	22	0	0	0	0	413	307.05	3.54	1.17	4.15	11.49	6.97	5.89	4.19	18.22	17.79
8/8/2023 12:13:10	0.00	0.40	0.00	0.69	0.00	0.00	0.00	0.84	1.09	100.00	33.68	5.68	0	403	0	21	0	0	0	0	423	307.27	3.49	1.16	4.06	11.34	6.89	5.61	4.26	18.21	17.76
8/8/2023 12:13:13	0.00	0.42	0.00	0.68	0.00	0.00	0.00	0.84	1.10	100.00	34.38	5.60	0	424	0	20	0	0	0	0	444	307.19	3.32	1.16	4.12	11.28	6.92	5.71	4.33	18.16	17.76
8/8/2023 12:13:16	0.00	0.45	0.00	0.64	0.00	0.00	0.00	0.84	1.09	100.00	35.33	5.55	0	452	0	19	0	0	0	0	471	307.55	3.34	1.17	4.15	11.29	6.88	5.57	4.42	18.14	17.71
8/8/2023 12:13:19	0.00	0.49	0.00	0.58	0.00	0.00	0.00	0.84	1.07	100.00	36.34	5.44	0	486	0	17	0	0	0	0	503	307.64	3.20	1.09	4.05	11.23	6.98	5.40	4.52	18.10	17.68
8/8/2023 12:13:22	0.00	0.49	0.00	0.58	0.00	0.00	0.00	0.83	1.07	100.00	37.36	5.36	0	493	0	17	0	0	0	0	510	307.83	3.19	1.08	4.09	11.02	6.91	5.30	4.62	18.06	17.71
8/8/2023 12:13:24	0.00	0.58	0.00	0.44	0.00	0.00	0.00	0.83	1.02	100.00	38.20	5.32	0	581	0	13	0	0	0	0	594	307.72	2.94	1.02	4.14	10.93	6.80	5.04	4.70	18.04	17.71
8/8/2023 12:13:27	0.00	0.52	0.00	0.44	0.00	0.00	0.00	0.82	0.96	100.00	39.01	5.31	0	524	0	13	0	0	0	0	537	307.45	2.86	0.95	3.96	10.77	6.70	4.98	4.78	17.99	17.72
8/8/2023 12:13:31	0.00	0.52	0.00	0.43	0.00	0.00	0.00	0.82	0.95	100.00	40.14	5.25	0	518	0	13	0	0	0	0	531	308.02	2.85	0.95	3.97	10.67	6.63	4.95	4.89	17.96	17.66
8/8/2023 12:13:34	0.00	0.50	0.00	0.36	0.00	0.00	0.00	0.82	0.87	100.00	41.19	5.16	0	501	0	11	0	0	0	0	512	308.07	2.70	0.96	3.84	10.59	6.41	4.80	4.99	17.91	17.61
8/8/2023 12:13:36	0.00	0.53	0.00	0.33	0.00	0.00	0.00	0.82	0.86	100.00	42.15	5.11	0	526	0	10	0	0	0	0	536	307.55	2.67	0.99	3.84	10.61	6.41	4.70	5.09	17.88	17.66
8/8/2023 12:13:39	0.00	0.56	0.00	0.33	0.00	0.00	0.00	0.84	0.89	100.00	43.18	5.06	0	561	0	10	0	0	0	0	571	307.21	2.71	0.93	3.91	10.82	6.55	4.79	5.19	17.83	17.64
8/8/2023 12:13:42	0.00	0.58	0.00	0.28	0.00	0.00	0.00	0.84	0.86	100.00	44.15	5.03	0	583	0	8	0	0	0	0	592	307.11	2.65	0.87	3.97	10.70	6.41	4.70	5.28	17.79	17.64
8/8/2023 12:13:46	0.00	0.63	0.00	0.21	0.00	0.00	0.00	0.84	0.84	100.00	44.75	4.98	0	626	0	6	0	0	0	0	633	307.04	2.50	0.90	3.94	10.68	6.39	4.53	5.34	17.73	17.58
8/8/2023 12:13:48	0.00	0.64	0.00	0.22	0.00	0.00	0.00	0.83	0.86	100.00	44.71	5.05	0	639	0	7	0	0	0	0	645	307.30	2.45	1.00	3.93	10.65	6.51	4.52	5.34	17.69	17.61
8/8/2023 12:13:51	0.00	0.58	0.00	0.25	0.00	0.00	0.00	0.84	0.83	100.00	44.69	5.03	0	576	0	7	0	0	0	0	583	307.20	2.54	0.87	3.87	10.75	6.38	4.68	5.34	17.64	17.60
8/8/2023 12:13:54	0.00	0.64	0.00	0.20	0.00	0.00	0.00	0.84	0.84	100.00	44.72	5.03	0	635	0	6	0	0	0	0	641	307.10	2.56	0.78	3.94	10.68	6.41	4.48	5.34	17.57	17.60
8/8/2023 12:13:57	0.00	0.61	0.00	0.23	0.00	0.00	0.00	0.84	0.84	100.00	44.72	5.04	0	609	0	7	0	0	0	0	616	307.21	2.58	0.88	3.89	10.68	6.43	4.50	5.34	17.53	17.53
8/8/2023 12:14:00	0.00	0.65	0.00	0.22	0.00	0.00	0.00	0.83	0.87	100.00	43.78	5.05	0	646	0	7	0	0	0	0	653	307.45	2.50	0.91	3.97	10.54	6.50	4.45	5.25	17.48	17.52
8/8/2023 12:14:03	0.00	0.61	0.00	0.27	0.00	0.00	0.00	0.84	0.88	100.00	41.89	5.08	0	608	0	8	0	0	0	0	616	307.64	2.63	0.89	3.98	10.73	6.47	4.66	5.06	17.43	17.52
8/8/2023 12:14:06	0.00	0.59	0.00	0.32	0.00	0.00	0.00	0.84	0.91	100.00	39.99	5.15	0	593	0	9	0	0	0	0	603	307.63	2.70	0.94	3.98	10.78	6.58	4.74	4.88	17.37	17.50
8/8/2023 12:14:09	0.00	0.60	0.00	0.38	0.00	0.00	0.00	0.82	0.99	100.00	38.10	5.24	0	602	0	12	0	0	0	0	613	308.09	2.82	0.95	4.13	10.72	6.70	4.86	4.69	17.32	17.45
8/8/2023 12:14:12	0.00	0.56	0.00	0.47	0.00	0.00	0.00	0.83	1.03	100.00	36.23	5.34	0	559	0	14	0	0	0	0	573	308.17	2.94	1.01	4.06	10.87	6.89	5.05	4.51	17.27	17.43
8/8/2023 12:14:15	0.00	0.52	0.00	0.56	0.00	0.00	0.00	0.84	1.08	100.00	34.15	5.45	0	517	0	17	0	0	0	0	534	307.65	3.16	1.06	4.13	11.20	6.99	5.39	4.30	17.22	17.43
8/8/2023 12:14:18	0.00	0.54	0.00	0.63	0.00	0.00	0.00	0.85	1.17	100.00	32.25	5.64	0	543	0	19	0	0	0	0	562	307.81	3.36	1.17	4.33	11.45	7.15	5.60	4.12	17.17	17.39
8/8/2023 12:14:21	0.00	0.54	0.00	0.68	0.00	0.00	0.00	0.84	1.22	100.00	30.35	5.90	0	541	0	20	0	0	0	0	562	307.81	3.41	1.15	4.36	11.41	7.31	5.69	3.93	17.11	17.35
8/8/2023 12:14:24	0.00	0.50	0.00	0.73	0.00	0.00	0.00	0.86	1.23	100.00	28.44	6.15	0	496	0	22	0	0	0	0	518	308.17	3.55	1.18	4.35	11.66	7.28	5.91	3.74	17.05	17.31
8/8/2023 12:14:27	0.00	0.54	0.00	0.67	0.00	0.00	0.00	0.88	1.21	100.00	26.56	6.44	0	541	0	20	0	0	0	0	561	307.79	3.54	1.24	4.31	11.95	7.35	5.80	3.56	17.01	17.39
8/8/2023 12:14:30	0.00	0.52	0.00	0.75	0.00	0.00	0.00	0.87	1.26	100.00	24.45	6.74	0	516	0	22	0	0	0	0	539	307.68	3.68	1.15	4.34	11.89	7.48	5.93	3.35	16.94	17.27
8/8/2023 12:14:33	0.00	0.53	0.00	0.79	0.00	0.00	0.00	0.88	1.31	100.00	22.53	7.10	0	529	0	24	0	0	0	0	553	307.13	3.76	1.22	4.49	12.10	7.55	6.15	3.16	16.89	17.26
8/8/2023 12:14:36	0.00	0.52	0.00	0.80	0.00	0.00	0.00	0.89	1.32	100.00	20.58	7.58	0	518	0	24	0	0	0	0	542	307.39	3.73	1.30	4.49	12.19	7.55	6.26	2.97	16.84	17.26
8/8/2023 12:14:39	0.00	0.55	0.00	0.75	0.00	0.00	0.00	0.91	1.30	100.00	18.66	8.07	0	553	0	23	0	0	0	0	575	307.52	3.82	1.27	4.49	12.39	7.54	6.12	2.79	16.82	17.18
8/8/2023 12:14:42	0.00	0.60	0.00	0.78	0.00	0.00	0.00	0.92	1.38	100.00	16.71	9.25	0	601	0	23	0	0	0	0	624	307.21	3.93	1.30	4.67	12.65	7.72	6.29	2.59	16.76	17.21
8/8/2023 12:14:45	0.00	0.60	0.00	0.82	0.00	0.00	0.00	0.97	1.42	100.00	14.58	11.40	0	597	0	25	0	0	0	0	621	306.93	4.30	1.38	4.69	13.34	7.84	6.46	2.39	16.72	17.16
8/8/2023 12:14:48	0.00	0.60	0.00	0.80	0.00	0.00	0.00	1.00	1.39	100.00	12.63	13.53	0	597	0	24	0	0	0	0	621	305.71	4.27	1.28	4.75	13.63	7.75	6.71	2.19	16.68	17.14
8/8/2023 12:14:51	0.00	0.51	0.00	1.12	0.00	0.00	0.00	1.05	1.63	100.00	10.69	17.36	0	505	0	34	0	0	0	0	539	304.54	4.99	1.39	5.29	14.65	8.01	8.09	2.00	16.67	17.14
8/8/2023 12:14:54	0.00	0.48	0.89	1.33	0.00	0.00	0.00	1.12	2.69	100.00	8.73	21.54	0	477	399	40	0	0	0	0	916	302.53	6.82	1.63	6.05	17.37	9.12	11.37	1.81	16.63	17.13
8/8/2023 12:14:57	0.00	0.54	1.44	1.35	0.00	0.00	0.00	1.15	3.33	100.00	6.80	22.46	0	545	647	40	0	0	0	0	1232	300.73	7.44	1.98	6.57	18.79	9.78	13.27	1.62	16.65	17.03
8/8/2023 12:15:00	0.03	0.48	3.47	0.89	0.00	0.00	0.00	0.83	4.87	100.00	4.64	22.67	16	479	1560	27	0	0	0	0	2082	300.88	8.77	1.58	6.75	17.63	9.88	15.76	1.41	16.67	17.00
8/8/2023 12:15:03	0.73	0.00	1.22	2.44	0.00	0.00	0.00	0.89	4.39	100.00	2.65	22.78	389	0	549	73	0	0	0	0	1012	301.78	8.63	2.56	6.48	17.73	11.28	15.28	1.22	16.67	17.05
8/8/2023 12:15:06	0.00	1.32	4.44	0.00	0.00	0.00	0.00	0.73	5.76	100.00	0.73	22.90	0	1319	1998	0	0	0	0	0	3317	302.55	9.95	1.37	8.69	17.37	9.47	14.85	1.03	16.68	16.97
8/8/2023 12:15:09	2.54	0.00	0.00	2.56	0.00	0.00	0.00	0.80	5.10	100.00	0.33	23.01	1348	0	0	77	0	0	0	0	1424	301.65	8.59	1.78	2.50	16.61	12.74	16.60	0.99	16.70	17.02
8/8/2023 12:15:12	0.00	0.00	3.42	1.02	0.00	0.00	0.00	1.03	4.44	100.00	0.34	22.91	0	0	1538	31	0	0	0	0	1569	304.86	9.22	2.65	4.59	19.92	9.29	17.20	0.99	16.73	16.92
8/8/2023 12:15:15	3.57	0.07	0.00	1.42	0.00	0.00	0.00	0.73	5.07	100.00	0.35	22.94	1894	73	0	43	0	0	0	0	2010	304.39	5.23	3.05	6.38	16.21	8.93	14.37	0.99	16.74	16.90
8/8/2023 12:15:18	0.00	0.00	2.49	2.67	0.00	0.00	0.00	0.72	5.16	100.00	0.37	22.97	0	0	1121	80	0	0	0	0	1201	301.20	10.94	4.86	6.02	17.21	11.60	16.56	0.99	16.74	16.89
8/8/2023 12:15:21	0.00	0.15	3.10	1.96	0.00	0.00	0.00	0.67	5.20	100.00	0.41	22.97	0	146	1395	59	0	0	0	0	1600	300.91	11.01	-0.99	6.29	16.52	12.41	15.68	1.00	16.76	16.87
8/8/2023 12:15:24	0.00	1.47	5.93	0.57	0.00	0.00	0.00	0.18	7.97	100.00	0.40	22.77	0	1468	2669	17	0	0	0	0	4155	302.95	14.37	-0.23	10.25	14.46	11.88	15.67	1.00	16.79	16.87
8/8/2023 12:15:27	0.80	0.41	4.68	0.39	0.00	0.00	0.00	0.58	6.28	100.00	0.40	22.64	423	411	2104	12	0	0	0	0	2950	301.01	9.45	-0.60	6.36	16.91	10.56	17.81	1.00	16.81	16.85
8/8/2023 12:15:30	0.00	0.71	4.75	0.00	0.00	0.00	0.00	0.70	5.46	100.00	0.42	22.85	0	708	2138	0	0	0	0	0	2846	301.43	12.01	2.56	8.36	17.56	6.13	14.13	1.00	16.82	16.85
8/8/2023 12:15:33	0.20	1.49	0.23	0.00	0.00	0.00	0.00	0.00	1.92	93.03	-0.03	22.72	108	1493	103	0	0	0	0	0	1703	235.95	0.93	-4.50	6.95	-1.89	7.70	2.57	0.95	16.86	16.87
8/8/2023 12:15:36	0.00	0.11	0.00	0.00	0.00	0.00	0.00	0.00	0.11	98.68	-0.02	22.10	0	110	0	0	0	0	0	0	110	250.27	-0.69	-1.98	3.97	-0.94	2.21	-1.29	0.95	16.90	16.84
8/8/2023 12:15:39	0.00	1.42	1.60	0.00	0.00	0.00	0.00	0.00	3.02	93.40	-0.04	21.55	0	1423	719	0	0	0	0	0	2142	236.87	3.85	0.29	8.76	2.84	5.13	3.53	0.95	16.94	16.81
8/8/2023 12:15:42	0.71	0.10	0.00	0.00	0.00	0.00	0.00	0.75	0.81	92.12	-0.03	21.06	378	99	0	0	0	0	0	0	477	233.63	-0.98	3.25	7.07	10.53	-0.48	5.51	0.95	16.98	16.74
8/8/2023 12:15:45	0.00	2.15	0.00	0.00	0.00	0.00	0.00	0.00	2.15	92.80	-0.02	20.61	0	2148	0	0	0	0	0	0	2148	235.37	3.91	7.95	6.87	-5.62	8.91	-6.63	0.96	17.01	16.89
8/8/2023 12:15:48	0.00	2.79	0.00	0.00	0.00	0.00	0.00	0.00	2.79	96.05	-0.02	20.24	0	2787	0	0	0	0	0	0	2787	243.60	-7.27	2.26	14.68	3.83	4.40	-6.90	0.96	17.06	16.82
8/8/2023 12:15:51	0.00	1.56	0.00	0.00	0.00	0.00	0.00	0.00	1.56	90.57	-0.02	19.92	0	1560	0	0	0	0	0	0	1560	229.69	-4.34	0.87	10.84	-2.01	2.79	-1.02	0.96	17.08	16.79
8/8/2023 12:15:53	0.00	0.00	0.00	0.24	0.00	0.00	0.00	0.00	0.24	92.76	-0.02	19.66	0	0	0	7	0	0	0	0	7	235.27	-0.56	1.09	1.82	-2.11	4.51	1.48	0.96	17.15	16.79
8/8/2023 12:15:56	0.60	0.00	0.00	0.00	0.00	0.00	0.00	0.00	0.60	94.31	-0.00	19.51	320	0	0	0	0	0	0	0	320	239.19	-5.01	0.84	3.02	-1.42	2.43	2.96	0.96	17.17	16.81
8/8/2023 12:16:00	0.29	0.51	0.00	0.00	0.00	0.00	0.00	0.24	0.79	93.64	-0.01	19.30	151	507	0	0	0	0	0	0	658	237.49	-0.80	-8.15	3.11	3.13	7.43	1.70	0.96	17.22	16.90
8/8/2023 12:16:03	0.00	0.99	0.00	0.72	0.00	0.00	0.00	0.00	1.71	95.80	-0.01	19.13	0	993	0	21	0	0	0	0	1014	242.97	-2.35	9.93	4.21	1.80	7.96	0.97	0.96	17.26	16.85
8/8/2023 12:16:05	1.61	0.00	0.00	0.00	0.00	0.00	0.00	0.05	1.61	91.99	-0.00	19.03	854	0	0	0	0	0	0	0	854	233.31	-5.38	0.25	0.77	2.94	7.45	3.39	0.96	17.31	16.89
8/8/2023 12:16:08	0.00	2.79	0.44	0.00	0.00	0.00	0.00	0.00	3.23	91.01	-0.00	18.94	0	2793	196	0	0	0	0	0	2989	230.83	2.99	-6.06	12.80	-4.30	8.65	4.44	0.96	17.36	16.81
8/8/2023 12:16:11	1.08	1.36	0.00	0.00	0.00	0.00	0.00	0.00	2.44	90.52	-0.01	18.86	571	1359	0	0	0	0	0	0	1930	229.59	-4.37	5.47	11.14	2.40	0.95	2.16	0.96	17.40	16.89
8/8/2023 12:16:14	0.17	1.17	0.00	0.00	0.00	0.00	0.00	0.00	1.34	91.80	-0.00	18.76	90	1169	0	0	0	0	0	0	1259	232.83	-4.85	5.77	4.83	-4.33	7.65	3.77	0.96	17.48	16.95
8/8/2023 12:16:17	0.00	1.52	0.00	0.00	0.00	0.00	0.00	0.00	1.52	91.31	0.00	18.67	0	1519	0	0	0	0	0	0	1519	231.58	2.03	-1.59	8.94	-0.52	3.57	-1.52	0.96	17.52	16.85
8/8/2023 12:16:20	0.00	5.19	0.00	0.00	0.00	0.00	0.00	0.18	5.19	87.43	0.00	18.54	0	5194	0	0	0	0	0	0	5194	221.76	-1.25	2.68	19.79	5.40	11.02	0.64	0.96	17.57	16.95
8/8/2023 12:16:23	0.00	3.79	0.00	0.00	0.00	0.00	0.00	0.00	3.79	87.18	0.01	18.44	0	3792	0	0	0	0	0	0	3792	221.12	-1.52	2.77	15.37	0.04	8.83	-3.64	0.96	17.62	16.94
8/8/2023 12:16:26	0.00	2.83	0.00	0.00	0.00	0.00	0.00	0.22	2.83	88.37	0.01	18.35	0	2831	0	0	0	0	0	0	2831	224.13	2.61	2.43	10.57	4.25	8.25	-0.42	0.96	17.66	16.94
8/8/2023 12:16:29	0.00	1.16	0.00	0.00	0.00	0.00	0.00	0.00	1.16	85.34	0.01	18.28	0	1156	0	0	0	0	0	0	1156	216.44	-0.77	1.37	6.57	1.74	3.99	-5.79	0.96	17.73	16.98
8/8/2023 12:16:32	0.00	3.93	0.64	0.00	0.00	0.00	0.00	0.00	4.56	85.17	0.01	18.25	0	3928	287	0	0	0	0	0	4215	216.02	5.91	-0.16	16.60	1.86	7.91	0.55	0.96	17.77	16.98
8/8/2023 12:16:35	0.00	1.97	1.54	0.00	0.00	0.00	0.00	0.00	3.51	83.45	0.01	18.20	0	1970	692	0	0	0	0	0	2662	211.66	3.51	-1.03	9.48	0.46	8.14	5.31	0.96	17.81	16.98
8/8/2023 12:16:38	0.00	1.96	0.00	0.00	0.00	0.00	0.00	0.63	1.96	80.07	0.02	18.16	0	1961	0	0	0	0	0	0	1961	203.09	1.07	3.72	8.50	10.44	6.46	-0.51	0.96	17.86	16.98
8/8/2023 12:16:41	0.00	2.53	0.00	0.00	0.00	0.00	0.00	0.39	2.53	79.28	0.01	18.13	0	2527	0	0	0	0	0	0	2527	201.09	-5.23	4.14	8.01	8.95	10.80	-2.96	0.96	17.92	17.06
8/8/2023 12:16:44	0.16	1.51	0.00	0.00	0.00	0.00	0.00	0.00	1.67	76.77	0.01	18.08	85	1508	0	0	0	0	0	0	1593	194.71	-1.26	1.57	7.19	0.45	5.71	0.19	0.96	17.97	17.05
8/8/2023 12:16:47	0.00	1.58	0.30	0.00	0.00	0.00	0.00	0.00	1.87	77.90	0.01	18.03	0	1578	133	0	0	0	0	0	1711	197.58	2.04	2.14	7.13	-0.08	5.89	0.32	0.96	18.01	17.06
8/8/2023 12:16:50	0.00	3.16	0.00	0.00	0.00	0.00	0.00	0.11	3.16	76.95	0.01	17.98	0	3158	0	0	0	0	0	0	3158	195.18	-0.27	-3.31	12.40	5.65	8.93	-5.52	0.96	18.07	17.02
8/8/2023 12:16:53	0.00	2.73	0.00	0.00	0.00	0.00	0.00	0.06	2.73	74.86	0.01	17.96	0	2735	0	0	0	0	0	0	2735	189.87	-2.19	10.27	9.37	2.45	8.30	-0.46	0.96	18.11	17.13
8/8/2023 12:16:56	0.00	2.43	0.00	0.00	0.00	0.00	0.00	0.10	2.43	71.45	0.01	17.95	0	2429	0	0	0	0	0	0	2429	181.24	-4.31	0.45	11.69	3.07	6.13	0.17	0.96	18.15	17.08
8/8/2023 12:16:59	0.00	2.24	0.00	0.00	0.00	0.00	0.00	0.09	2.24	70.40	0.01	17.95	0	2245	0	0	0	0	0	0	2245	178.56	-3.12	0.82	11.41	4.20	4.83	-3.20	0.96	18.21	17.13
8/8/2023 12:17:02	0.00	0.86	0.00	0.00	0.00	0.00	0.00	0.56	0.86	70.63	0.01	17.91	0	859	0	0	0	0	0	0	859	179.14	-4.46	-0.40	5.01	10.30	6.04	-2.54	0.96	18.24	17.11
8/8/2023 12:17:05	0.00	3.05	0.00	0.63	0.00	0.00	0.00	0.00	3.68	69.95	0.01	17.90	0	3053	0	19	0	0	0	0	3071	177.44	3.36	5.08	9.87	0.07	12.73	0.21	0.96	18.27	17.10
8/8/2023 12:17:08	0.00	1.50	0.00	0.26	0.00	0.00	0.00	0.00	1.76	72.28	0.00	17.88	0	1501	0	8	0	0	0	0	1509	183.34	2.84	8.19	2.30	-3.78	11.63	-2.97	0.96	18.32	17.13
8/8/2023 12:17:11	1.08	2.23	0.00	0.00	0.00	0.00	0.00	0.00	3.31	67.88	0.01	17.88	574	2226	0	0	0	0	0	0	2800	172.19	-0.92	-1.68	11.84	0.06	6.28	3.74	0.96	18.38	17.11
8/8/2023 12:17:14	0.02	1.94	0.00	0.00	0.00	0.00	0.00	0.00	1.96	70.07	0.01	17.83	11	1940	0	0	0	0	0	0	1951	177.73	-3.68	-0.09	12.15	-5.87	4.21	4.86	0.96	18.41	17.16
8/8/2023 12:17:17	0.00	1.72	0.00	0.00	0.00	0.00	0.00	0.24	1.72	68.81	0.00	17.78	0	1719	0	0	0	0	0	0	1719	174.55	-2.57	0.55	9.71	7.57	3.83	-6.33	0.96	18.44	17.18
8/8/2023 12:17:20	0.00	2.46	0.00	0.00	0.00	0.00	0.00	0.40	2.46	69.51	0.01	17.76	0	2456	0	0	0	0	0	0	2456	176.32	-1.27	-1.35	12.14	8.50	5.74	-2.24	0.96	18.48	17.24
8/8/2023 12:17:23	0.00	3.19	0.00	0.00	0.00	0.00	0.00	0.00	3.19	66.42	0.01	17.74	0	3189	0	0	0	0	0	0	3189	168.48	-6.27	3.89	10.16	-0.90	12.55	1.35	0.96	18.53	17.23
8/8/2023 12:17:26	0.05	0.78	0.00	0.00	0.00	0.00	0.00	0.00	0.83	67.25	0.00	17.69	27	775	0	0	0	0	0	0	802	170.59	-4.09	2.91	4.13	-1.32	5.77	1.02	0.96	18.55	17.23
8/8/2023 12:17:29	0.00	0.00	0.00	0.00	0.00	0.00	0.00	0.00	0.00	68.79	0.00	17.68	0	0	0	0	0	0	0	0	0	174.49	-3.02	-4.59	5.82	-5.41	0.70	-4.89	0.96	18.57	17.23
8/8/2023 12:17:32	0.00	2.59	0.00	0.95	0.00	0.00	0.00	0.04	3.54	67.21	0.02	17.65	0	2587	0	28	0	0	0	0	2615	170.48	4.31	2.14	9.09	3.42	12.31	0.22	0.96	18.64	17.29
8/8/2023 12:17:35	0.00	2.88	0.00	0.00	0.00	0.00	0.00	0.00	2.88	65.37	0.01	17.64	0	2883	0	0	0	0	0	0	2883	165.82	1.78	-0.20	13.94	-3.16	6.06	-7.20	0.96	18.64	17.31
8/8/2023 12:17:38	1.84	2.25	0.00	0.00	0.00	0.00	0.00	0.08	4.10	66.38	0.01	17.60	976	2253	0	0	0	0	0	0	3230	168.37	0.55	-0.68	10.51	4.49	8.10	3.87	0.96	18.69	17.29
8/8/2023 12:17:41	0.00	1.03	0.91	0.00	0.00	0.00	0.00	0.00	1.93	66.90	0.01	17.64	0	1025	408	0	0	0	0	0	1433	169.71	5.21	-3.38	6.46	-1.53	5.56	2.20	0.96	18.71	17.32
8/8/2023 12:17:44	1.23	2.34	0.00	0.00	0.00	0.00	0.00	0.00	3.57	66.29	0.01	17.60	650	2341	0	0	0	0	0	0	2991	168.16	-1.49	4.50	9.99	1.63	7.99	3.12	0.96	18.75	17.35
8/8/2023 12:17:47	0.00	3.61	0.00	0.00	0.00	0.00	0.00	0.00	3.61	65.87	0.01	17.58	0	3612	0	0	0	0	0	0	3612	167.09	4.10	5.40	12.61	1.25	9.08	-3.33	0.96	18.78	17.37
8/8/2023 12:17:50	0.00	3.41	0.00	0.00	0.00	0.00	0.00	0.07	3.41	66.00	0.01	17.55	0	3408	0	0	0	0	0	0	3408	167.42	-0.62	-1.85	13.98	3.10	8.52	-0.78	0.96	18.82	17.35
8/8/2023 12:17:53	0.00	2.80	0.00	0.00	0.00	0.00	0.00	0.00	2.80	66.84	0.01	17.51	0	2799	0	0	0	0	0	0	2799	169.53	-2.09	-2.54	14.96	0.89	4.50	-3.15	0.96	18.85	17.42
8/8/2023 12:17:56	0.73	2.62	0.00	0.00	0.00	0.00	0.00	0.00	3.34	70.46	0.01	17.52	385	2615	0	0	0	0	0	0	3000	178.72	-1.66	2.57	11.26	1.41	7.73	1.93	0.96	18.87	17.37
8/8/2023 12:17:59	0.00	3.22	0.00	0.00	0.00	0.00	0.00	0.22	3.22	66.66	0.01	17.52	0	3219	0	0	0	0	0	0	3219	169.09	1.60	-3.77	10.47	4.86	11.92	-1.14	0.96	18.92	17.42
8/8/2023 12:18:02	1.90	3.08	0.52	0.00	0.00	0.00	0.00	0.00	5.50	62.58	0.01	17.52	1009	3078	233	0	0	0	0	0	4320	158.75	2.88	-2.83	12.98	2.85	11.00	6.30	0.96	18.94	17.48
8/8/2023 12:18:05	1.24	2.61	0.00	0.00	0.00	0.00	0.00	0.00	3.85	64.13	0.01	17.56	659	2608	0	0	0	0	0	0	3267	162.67	-5.04	2.51	12.50	2.83	7.40	3.02	0.96	18.96	17.43
8/8/2023 12:18:08	0.00	2.23	0.00	0.00	0.00	0.00	0.00	0.00	2.23	67.57	0.01	17.56	0	2229	0	0	0	0	0	0	2229	171.39	-3.06	2.95	8.08	1.65	8.52	-3.55	0.96	18.97	17.47
8/8/2023 12:18:10	1.75	1.18	0.00	0.24	0.00	0.00	0.00	0.00	3.17	64.90	0.01	17.57	928	1179	0	7	0	0	0	0	2113	164.63	0.96	2.09	6.36	2.89	7.34	3.79	0.96	19.01	17.48
8/8/2023 12:18:14	0.00	2.08	0.00	0.88	0.00	0.00	0.00	0.00	2.96	64.32	0.01	17.54	0	2075	0	27	0	0	0	0	2102	163.15	3.12	2.92	9.59	-1.49	9.41	3.27	0.96	19.03	17.50
8/8/2023 12:18:17	0.00	3.01	0.00	0.00	0.00	0.00	0.00	0.00	3.01	62.58	0.02	17.54	0	3005	0	0	0	0	0	0	3005	158.76	0.21	0.98	16.23	-0.87	3.24	0.84	0.96	19.05	17.47
8/8/2023 12:18:20	0.00	3.17	0.00	1.05	0.00	0.00	0.00	0.00	4.23	66.13	0.01	17.52	0	3174	0	32	0	0	0	0	3206	167.76	2.86	5.42	12.57	2.42	11.65	2.56	0.96	19.07	17.52
8/8/2023 12:18:22	0.60	1.51	0.00	0.00	0.00	0.00	0.00	0.00	2.11	63.76	0.01	17.50	318	1511	0	0	0	0	0	0	1829	161.73	-4.72	2.23	12.56	-0.78	0.77	3.08	0.96	19.11	17.53
8/8/2023 12:18:25	0.00	2.19	0.00	0.51	0.00	0.00	0.00	0.00	2.71	61.78	0.01	17.52	0	2195	0	15	0	0	0	0	2210	156.72	2.88	2.27	8.29	-5.66	11.04	3.23	0.96	19.16	17.50
8/8/2023 12:18:29	0.00	0.00	0.00	1.33	0.00	0.00	0.00	0.00	1.33	63.03	0.01	17.54	0	0	0	40	0	0	0	0	40	159.89	3.17	5.65	1.95	-2.62	9.50	1.23	0.96	19.16	17.50
8/8/2023 12:18:31	0.00	2.07	0.00	0.00	0.00	0.00	0.00	0.28	2.07	63.16	0.02	17.53	0	2065	0	0	0	0	0	0	2065	160.21	-2.78	3.46	7.95	6.96	7.76	-3.33	0.96	19.19	17.56
8/8/2023 12:18:34	0.00	2.35	0.00	0.00	0.00	0.00	0.00	0.00	2.35	62.01	0.01	17.55	0	2348	0	0	0	0	0	0	2348	157.29	-1.10	-0.85	14.15	-0.73	2.63	-0.77	0.96	19.21	17.60
8/8/2023 12:18:37	0.00	0.78	0.00	1.09	0.00	0.00	0.00	0.00	1.87	63.54	0.01	17.55	0	775	0	33	0	0	0	0	808	161.18	2.45	2.29	5.77	0.69	7.33	2.42	0.96	19.23	17.61
8/8/2023 12:18:40	0.00	2.35	0.00	0.00	0.00	0.00	0.00	0.05	2.35	62.47	0.00	17.56	0	2348	0	0	0	0	0	0	2348	158.46	2.48	1.76	11.07	2.48	4.59	-2.79	0.96	19.24	17.60
8/8/2023 12:18:43	0.00	2.35	0.00	0.26	0.00	0.00	0.00	0.00	2.61	62.47	0.00	17.57	0	2351	0	8	0	0	0	0	2359	158.47	0.04	3.87	8.29	-1.31	9.96	1.60	0.96	19.28	17.63
8/8/2023 12:18:46	0.00	3.48	0.00	0.00	0.00	0.00	0.00	0.00	3.48	61.71	0.01	17.59	0	3483	0	0	0	0	0	0	3483	156.55	3.02	0.78	11.91	-1.10	10.77	0.12	0.96	19.28	17.63
8/8/2023 12:18:49	0.00	3.11	0.00	0.00	0.00	0.00	0.00	0.21	3.11	62.76	0.00	17.59	0	3107	0	0	0	0	0	0	3107	159.20	-10.64	2.61	13.65	5.90	8.47	0.55	0.96	19.31	17.66
8/8/2023 12:18:52	0.00	3.07	0.00	0.00	0.00	0.00	0.00	0.00	3.07	59.82	0.01	17.57	0	3075	0	0	0	0	0	0	3075	151.76	-1.82	2.17	13.61	-3.50	7.89	-4.41	0.96	19.33	17.64
8/8/2023 12:18:55	0.00	3.39	0.00	0.00	0.00	0.00	0.00	0.17	3.39	63.57	0.01	17.62	0	3392	0	0	0	0	0	0	3392	161.26	1.02	1.65	14.09	4.97	7.35	-1.88	0.96	19.37	17.66
8/8/2023 12:18:58	0.00	3.08	0.00	0.00	0.00	0.00	0.00	0.00	3.08	61.92	0.00	17.60	0	3080	0	0	0	0	0	0	3080	157.07	-0.13	7.08	11.52	-1.63	8.51	-0.11	0.96	19.37	17.66
8/8/2023 12:19:01	0.00	3.97	0.00	0.00	0.00	0.00	0.00	0.00	3.97	62.29	0.01	17.58	0	3968	0	0	0	0	0	0	3968	158.00	1.77	-1.47	15.38	2.60	9.33	-4.29	0.96	19.40	17.68
8/8/2023 12:19:04	0.07	2.05	0.00	0.00	0.00	0.00	0.00	0.00	2.11	61.84	0.00	17.54	35	2048	0	0	0	0	0	0	2083	156.86	-2.40	-1.13	10.44	1.08	5.38	-0.02	0.96	19.42	17.71
8/8/2023 12:19:07	0.00	3.33	0.00	0.00	0.00	0.00	0.00	0.77	3.33	62.59	0.01	17.55	0	3333	0	0	0	0	0	0	3333	158.76	1.38	0.77	13.96	12.64	8.41	1.39	0.96	19.45	17.81
8/8/2023 12:19:10	1.29	3.10	0.00	0.00	0.00	0.00	0.00	0.00	4.39	62.89	0.01	17.54	684	3100	0	0	0	0	0	0	3784	159.53	-0.22	0.35	16.18	-0.05	5.86	4.91	0.96	19.45	17.72
8/8/2023 12:19:13	0.00	1.24	0.00	0.55	0.00	0.00	0.00	0.00	1.79	59.84	0.01	17.50	0	1237	0	17	0	0	0	0	1254	151.81	4.52	4.12	6.28	-6.89	7.74	2.09	0.96	19.47	17.77
8/8/2023 12:19:16	1.81	1.78	0.00	0.00	0.00	0.00	0.00	0.28	3.59	60.52	0.00	17.49	958	1778	0	0	0	0	0	0	2736	153.52	-3.31	5.59	12.80	7.60	2.41	5.08	0.96	19.49	17.81
8/8/2023 12:19:19	0.00	3.00	0.00	0.00	0.00	0.00	0.00	0.00	3.00	62.17	0.01	17.51	0	3002	0	0	0	0	0	0	3002	157.70	-0.79	-0.33	11.58	1.33	8.94	-2.58	0.96	19.51	17.76
8/8/2023 12:19:22	0.00	4.10	0.00	0.00	0.00	0.00	0.00	0.46	4.10	62.13	0.01	17.56	0	4102	0	0	0	0	0	0	4102	157.59	2.91	-2.42	15.89	11.98	9.64	-6.65	0.96	19.52	17.81
8/8/2023 12:19:25	0.00	2.36	0.00	0.00	0.00	0.00	0.00	0.00	2.36	60.66	0.01	17.57	0	2363	0	0	0	0	0	0	2363	153.88	-4.67	1.51	10.17	-2.07	8.25	-1.99	0.96	19.55	17.77
8/8/2023 12:19:28	0.00	0.23	1.24	0.00	0.00	0.00	0.00	0.28	1.47	60.11	0.00	17.54	0	227	558	0	0	0	0	0	785	152.49	2.65	1.44	8.25	5.48	-1.20	4.33	0.96	19.56	17.84
8/8/2023 12:19:31	0.00	3.97	0.00	0.00	0.00	0.00	0.00	0.00	3.97	62.30	0.01	17.49	0	3969	0	0	0	0	0	0	3969	158.02	-3.44	1.26	16.70	0.20	8.80	-0.29	0.96	19.57	17.89
8/8/2023 12:19:34	0.00	3.99	0.00	0.00	0.00	0.00	0.00	0.00	3.99	61.69	0.01	17.43	0	3985	0	0	0	0	0	0	3985	156.48	-0.14	-3.39	20.18	-5.14	6.06	2.21	0.96	19.58	17.93
8/8/2023 12:19:37	0.21	1.99	0.00	0.00	0.00	0.00	0.00	0.00	2.20	61.97	0.00	17.41	112	1987	0	0	0	0	0	0	2100	157.19	-2.92	-4.84	8.49	-1.52	9.03	2.18	0.96	19.61	17.84
8/8/2023 12:19:40	0.00	1.80	1.13	0.00	0.00	0.00	0.00	0.00	2.93	62.51	0.01	17.41	0	1795	509	0	0	0	0	0	2305	158.57	3.22	-2.36	9.31	2.45	6.35	2.32	0.96	19.61	17.92
8/8/2023 12:19:43	0.00	2.95	0.00	0.00	0.00	0.00	0.00	0.00	2.95	61.29	0.00	17.48	0	2950	0	0	0	0	0	0	2950	155.48	-0.14	-0.82	11.28	-2.67	9.86	-0.34	0.96	19.64	17.87
8/8/2023 12:19:46	0.00	1.01	0.29	0.00	0.00	0.00	0.00	0.00	1.31	61.25	-0.02	17.49	0	1014	133	0	0	0	0	0	1146	155.37	1.91	-4.75	10.81	-5.73	0.76	4.18	0.96	19.67	17.87
8/8/2023 12:19:49	0.00	3.22	0.00	0.32	0.00	0.00	0.00	0.00	3.54	63.84	0.01	17.47	0	3218	0	10	0	0	0	0	3228	161.93	6.13	5.09	11.32	-2.18	10.34	-1.03	0.96	19.66	17.87
8/8/2023 12:19:52	0.00	2.96	0.36	0.00	0.00	0.00	0.00	0.63	3.32	62.76	0.01	17.42	0	2961	162	0	0	0	0	0	3124	159.20	5.89	-4.47	12.44	9.78	8.85	3.08	0.96	19.65	17.95
8/8/2023 12:19:55	0.00	3.72	0.00	0.00	0.00	0.00	0.00	0.00	3.72	59.61	0.01	17.41	0	3721	0	0	0	0	0	0	3721	151.21	-3.44	5.64	15.81	-10.27	10.07	2.39	0.96	19.67	17.90
8/8/2023 12:19:58	0.00	2.99	0.00	0.00	0.00	0.00	0.00	0.04	2.99	62.78	0.01	17.37	0	2994	0	0	0	0	0	0	2994	159.26	-0.88	2.70	9.76	2.04	10.48	-0.69	0.96	19.73	17.90
8/8/2023 12:20:01	0.00	3.90	0.00	0.00	0.00	0.00	0.00	0.00	3.90	60.66	0.00	17.38	0	3904	0	0	0	0	0	0	3904	153.88	-1.55	2.80	13.00	-3.48	13.24	-3.82	0.96	19.73	17.95
8/8/2023 12:20:04	0.29	1.56	0.00	0.00	0.00	0.00	0.00	0.00	1.85	60.99	-0.01	17.39	153	1557	0	0	0	0	0	0	1711	154.72	-1.54	-1.27	8.95	0.41	4.68	0.75	0.96	19.74	17.97
8/8/2023 12:20:07	0.00	2.00	0.00	0.00	0.00	0.00	0.00	0.00	2.00	62.72	0.01	17.40	0	1995	0	0	0	0	0	0	1995	159.09	3.24	1.98	10.76	-1.47	3.49	-3.99	0.96	19.77	17.97
8/8/2023 12:20:10	0.00	3.70	0.00	0.00	0.00	0.00	0.00	0.26	3.70	58.60	0.00	17.44	0	3700	0	0	0	0	0	0	3700	148.65	-0.08	-2.12	18.26	5.95	5.20	0.13	0.96	19.78	18.01
8/8/2023 12:20:13	0.00	2.42	0.00	0.00	0.00	0.00	0.00	0.32	2.42	58.25	0.00	17.43	0	2422	0	0	0	0	0	0	2422	147.76	-5.78	2.71	9.70	6.19	8.74	1.00	0.96	19.77	17.97
8/8/2023 12:20:16	0.00	3.09	0.00	0.00	0.00	0.00	0.00	0.00	3.09	58.88	-0.00	17.44	0	3094	0	0	0	0	0	0	3094	149.37	3.70	-12.42	14.13	0.62	7.90	-2.28	0.96	19.80	18.10
8/8/2023 12:20:19	0.00	1.95	0.00	0.00	0.00	0.00	0.00	0.00	1.95	59.46	-0.01	17.42	0	1949	0	0	0	0	0	0	1949	150.83	-3.55	-3.67	8.37	1.22	7.96	-0.98	0.96	19.81	18.06
8/8/2023 12:20:22	0.00	2.11	0.00	1.38	0.00	0.00	0.00	0.00	3.49	63.81	0.00	17.40	0	2107	0	41	0	0	0	0	2148	161.87	5.36	-0.33	6.68	0.01	15.46	1.76	0.96	19.83	18.10
8/8/2023 12:20:25	0.00	2.17	0.00	0.00	0.00	0.00	0.00	0.00	2.17	60.98	0.01	17.44	0	2170	0	0	0	0	0	0	2170	154.69	2.55	7.01	9.87	-3.13	5.06	-1.06	0.96	19.83	18.10
8/8/2023 12:20:28	0.00	3.59	0.00	0.00	0.00	0.00	0.00	0.00	3.59	61.64	0.01	17.45	0	3586	0	0	0	0	0	0	3586	156.35	0.59	-1.38	11.06	-1.14	13.36	0.30	0.96	19.86	18.11
8/8/2023 12:20:31	0.00	1.31	0.00	1.45	0.00	0.00	0.00	0.00	2.75	59.64	0.00	17.43	0	1307	0	43	0	0	0	0	1350	151.29	3.31	3.81	8.20	0.56	8.74	3.99	0.96	19.86	18.13
8/8/2023 12:20:34	0.00	3.53	0.00	0.00	0.00	0.00	0.00	0.00	3.53	60.63	0.01	17.43	0	3532	0	0	0	0	0	0	3532	153.80	-5.35	-6.61	14.32	2.05	10.65	-0.08	0.96	19.87	18.10
8/8/2023 12:20:37	0.00	3.67	0.00	0.00	0.00	0.00	0.00	0.00	3.67	60.51	0.01	17.41	0	3669	0	0	0	0	0	0	3669	153.50	3.30	0.06	13.14	2.58	9.69	-4.37	0.96	19.87	18.11
8/8/2023 12:20:39	0.00	2.96	0.00	0.00	0.00	0.00	0.00	0.00	2.96	62.49	0.01	17.41	0	2957	0	0	0	0	0	0	2957	158.51	-1.65	3.73	10.98	3.24	8.44	-5.57	0.96	19.90	18.13
8/8/2023 12:20:43	0.00	3.36	0.00	0.00	0.00	0.00	0.00	0.00	3.36	60.05	0.01	17.38	0	3357	0	0	0	0	0	0	3357	152.34	3.62	1.76	15.86	-4.20	5.73	-1.23	0.96	19.89	18.13
8/8/2023 12:20:46	0.00	3.67	0.00	0.04	0.00	0.00	0.00	0.00	3.71	62.29	0.01	17.38	0	3672	0	1	0	0	0	0	3673	158.02	6.03	1.23	10.22	-2.99	13.92	-1.95	0.96	19.92	18.14
8/8/2023 12:20:48	0.00	4.28	0.00	0.00	0.00	0.00	0.00	0.00	4.28	59.14	0.01	17.38	0	4285	0	0	0	0	0	0	4285	150.02	-4.40	-4.52	19.14	-8.08	11.18	-3.88	0.96	19.92	18.18
8/8/2023 12:20:51	0.00	2.59	0.00	0.00	0.00	0.00	0.00	0.00	2.59	57.94	0.01	17.38	0	2591	0	0	0	0	0	0	2591	146.98	5.38	-3.33	18.41	-4.17	-1.23	-0.81	0.96	19.93	18.19
