Date/Time	Green Algae	Bluegreen	Diatoms	Cryptophyta	#5	#6	#7	Yellow substances	Total conc.	Transmission	Depth	Temp. Sample	Green Algae	Bluegreen	Diatoms	Cryptophyta	#5	#6	#7	Yellow substances	Total cell count	Trans. 700 nm	LED 3 [525 nm]	LED 4 [570 nm]	LED 5 [610 nm]	LED 6 [370 nm]	LED 7 [590 nm]	LED 8 [470 nm]	Pressure	Temp. LEDs	Temp. Sensor
date	µg/l	µg/l	µg/l	µg/l	µg/l	µg/l	µg/l	r.u.	µg/l	%	m	°C	cells/ml	cells/ml	cells/ml	cells/ml	cells/ml	cells/ml	cells/ml	r.u.	cells/ml	digits	digits	digits	digits	digits	digits	digits	bar	°C	°C
9/19/2023 14:34:46	0.00	0.00	2.30	0.00	0.00	0.00	0.00	0.71	2.30	100.00	0.00	20.55	0	0	1035	0	0	0	0	0	1035	300.48	5.68	0.47	2.44	12.26	3.80	10.04	1.00	23.22	23.96
9/19/2023 14:34:49	2.78	0.00	1.42	0.77	0.00	0.00	0.00	0.28	4.97	100.00	-0.00	20.51	1472	0	637	23	0	0	0	0	2133	295.10	5.02	0.08	3.86	10.67	9.10	12.57	1.00	23.28	23.98
9/19/2023 14:34:52	0.76	1.76	2.26	0.00	0.00	0.00	0.00	0.49	4.78	100.00	0.02	20.50	401	1764	1016	0	0	0	0	0	3181	297.52	5.40	-0.11	8.47	11.52	10.16	10.03	1.00	23.35	23.99
9/19/2023 14:34:55	5.59	1.43	0.00	0.42	0.00	0.00	0.00	0.13	7.45	100.00	0.04	20.50	2965	1433	0	13	0	0	0	0	4410	297.63	3.35	4.51	10.06	10.94	9.01	12.58	1.00	23.41	24.01
9/19/2023 14:34:58	0.00	0.51	3.48	0.18	0.00	0.00	0.00	0.60	4.17	100.00	0.08	20.49	0	512	1567	5	0	0	0	0	2084	301.44	7.02	1.33	5.94	13.64	7.77	12.58	1.01	23.46	24.06
9/19/2023 14:35:01	0.73	1.03	1.41	0.88	0.00	0.00	0.00	0.42	4.05	100.00	0.02	20.51	387	1030	633	26	0	0	0	0	2077	302.22	5.18	2.92	7.61	10.20	8.82	9.30	1.00	23.52	24.06
9/19/2023 14:35:04	0.00	0.00	0.00	2.83	0.00	0.00	0.00	0.74	2.83	100.00	-0.01	20.50	0	0	0	85	0	0	0	0	85	300.44	9.14	4.92	6.78	13.58	8.53	9.24	1.00	23.55	24.04
9/19/2023 14:35:07	0.00	0.00	3.23	1.04	0.00	0.00	0.00	0.60	4.27	100.00	-0.01	20.50	0	0	1454	31	0	0	0	0	1485	270.93	9.67	2.47	3.80	14.38	8.40	13.31	1.00	23.61	24.07
9/19/2023 14:35:10	1.96	0.00	1.32	0.00	0.00	0.00	0.00	0.39	3.28	100.00	-0.01	20.50	1040	0	595	0	0	0	0	0	1635	261.78	2.97	-0.22	0.62	8.78	1.21	11.80	1.00	23.65	24.09
9/19/2023 14:35:13	4.23	1.60	0.00	0.00	0.00	0.00	0.00	0.41	5.82	100.00	0.07	20.48	2242	1595	0	0	0	0	0	0	3837	295.70	0.54	2.27	10.40	12.08	7.44	10.61	1.01	23.68	24.15
9/19/2023 14:35:16	0.00	0.13	0.78	1.96	0.00	0.00	0.00	0.56	2.87	100.00	0.04	20.47	0	131	351	59	0	0	0	0	541	295.46	7.11	1.58	5.69	11.20	9.11	8.94	1.00	23.71	24.14
9/19/2023 14:35:19	2.76	0.00	0.00	2.13	0.00	0.00	0.00	0.30	4.89	100.00	0.06	20.48	1464	0	0	64	0	0	0	0	1528	289.66	5.58	3.18	5.20	10.50	10.15	12.11	1.01	23.74	24.07
9/19/2023 14:35:22	0.00	0.00	0.00	1.99	0.00	0.00	0.00	0.75	1.99	100.00	0.07	20.46	0	0	0	60	0	0	0	0	60	286.52	7.36	2.38	0.10	11.73	9.99	8.49	1.01	23.80	24.15
9/19/2023 14:35:25	0.00	0.00	0.00	2.69	0.00	0.00	0.00	0.47	2.69	100.00	0.07	20.49	0	0	0	81	0	0	0	0	81	300.16	8.98	3.76	1.98	9.25	9.59	8.54	1.01	23.80	24.07
9/19/2023 14:35:28	2.48	0.00	1.99	0.00	0.00	0.00	0.00	0.22	4.48	100.00	0.03	20.45	1316	0	898	0	0	0	0	0	2214	300.13	3.80	1.02	1.47	8.97	6.92	11.92	1.00	23.87	24.23
9/19/2023 14:35:31	0.00	0.45	5.19	0.00	0.00	0.00	0.00	0.00	5.64	100.00	0.05	20.47	0	450	2334	0	0	0	0	0	2785	299.01	8.47	1.57	8.10	8.33	5.55	13.28	1.00	23.89	24.12
9/19/2023 14:35:34	0.00	2.62	3.68	0.00	0.00	0.00	0.00	0.15	6.30	100.00	0.04	20.45	0	2622	1656	0	0	0	0	0	4278	294.67	9.03	0.14	12.97	9.59	9.57	9.10	1.00	23.91	24.15
9/19/2023 14:35:37	0.00	0.00	3.32	0.21	0.00	0.00	0.00	0.49	3.53	100.00	0.05	20.49	0	0	1494	6	0	0	0	0	1500	302.54	7.23	3.04	3.08	11.77	5.99	11.27	1.00	23.92	24.14
9/19/2023 14:35:40	0.00	1.89	3.39	0.00	0.00	0.00	0.00	0.38	5.29	100.00	0.04	20.48	0	1893	1527	0	0	0	0	0	3420	302.17	9.02	-0.55	10.36	11.57	8.71	9.49	1.00	23.96	24.22
9/19/2023 14:35:43	0.40	0.19	4.77	0.01	0.00	0.00	0.00	0.13	5.38	100.00	0.04	20.46	214	194	2146	0	0	0	0	0	2555	300.01	7.34	3.27	6.17	10.34	6.28	13.64	1.00	23.98	24.20
9/19/2023 14:35:46	0.00	1.46	0.00	1.98	0.00	0.00	0.00	0.78	3.44	100.00	0.04	20.47	0	1460	0	59	0	0	0	0	1520	300.10	6.39	2.17	7.75	13.49	13.29	7.96	1.00	24.00	24.27
9/19/2023 14:35:49	0.00	0.00	4.38	0.00	0.00	0.00	0.00	0.00	4.38	100.00	0.03	20.50	0	0	1973	0	0	0	0	0	1973	297.06	7.70	2.85	4.90	6.03	3.42	11.52	1.00	24.01	24.20
9/19/2023 14:35:52	1.45	0.00	1.63	0.86	0.00	0.00	0.00	0.63	3.94	100.00	0.03	20.47	769	0	735	26	0	0	0	0	1530	298.28	5.49	3.83	4.49	13.66	7.22	12.75	1.00	24.07	24.30
9/19/2023 14:35:55	1.34	1.32	2.65	0.00	0.00	0.00	0.00	0.73	5.31	100.00	0.05	20.48	712	1319	1193	0	0	0	0	0	3224	298.97	6.15	5.61	9.85	16.13	6.52	13.61	1.00	24.05	24.19
9/19/2023 14:35:58	0.00	1.26	2.48	0.00	0.00	0.00	0.00	0.47	3.74	100.00	0.07	20.48	0	1260	1115	0	0	0	0	0	2376	299.08	5.82	-2.31	9.50	10.42	5.79	8.73	1.01	24.06	24.20
9/19/2023 14:36:01	0.00	2.21	1.44	0.00	0.00	0.00	0.00	0.69	3.65	100.00	0.05	20.48	0	2211	648	0	0	0	0	0	2859	301.89	6.27	-0.86	11.76	12.03	6.63	6.64	1.00	24.10	24.27
9/19/2023 14:36:04	1.83	0.00	0.00	1.52	0.00	0.00	0.00	0.56	3.34	100.00	0.05	20.46	968	0	0	46	0	0	0	0	1014	299.09	3.90	4.17	3.77	11.41	8.50	10.42	1.00	24.09	24.22
9/19/2023 14:36:07	0.00	0.88	3.58	0.00	0.00	0.00	0.00	0.50	4.46	100.00	0.05	20.48	0	881	1612	0	0	0	0	0	2493	299.32	7.04	1.03	7.46	12.60	7.21	11.77	1.00	24.10	24.17
9/19/2023 14:36:10	0.00	0.00	0.53	1.55	0.00	0.00	0.00	0.92	2.07	100.00	0.05	20.48	0	0	237	46	0	0	0	0	283	299.84	7.38	1.21	1.17	14.24	9.47	9.61	1.00	24.11	24.25
9/19/2023 14:36:13	0.00	0.31	0.00	1.93	0.00	0.00	0.00	1.04	2.24	100.00	0.04	20.47	0	308	0	58	0	0	0	0	365	299.93	8.07	1.05	5.52	16.03	9.60	8.65	1.00	24.13	24.20
9/19/2023 14:36:15	2.00	0.00	0.92	2.98	0.00	0.00	0.00	0.01	5.90	100.00	0.05	20.47	1062	0	413	89	0	0	0	0	1565	299.94	7.76	4.53	7.36	8.97	11.41	13.06	1.00	24.16	24.27
9/19/2023 14:36:19	0.00	1.27	2.60	0.00	0.00	0.00	0.00	0.59	3.87	100.00	0.05	20.46	0	1270	1172	0	0	0	0	0	2441	302.24	7.90	0.36	8.45	12.48	6.58	8.59	1.00	24.16	24.25
9/19/2023 14:36:22	0.00	0.52	3.24	0.84	0.00	0.00	0.00	0.20	4.61	100.00	0.06	20.48	0	523	1460	25	0	0	0	0	2008	302.88	10.11	-0.55	6.52	9.75	8.58	9.44	1.01	24.17	24.19
9/19/2023 14:36:25	0.50	2.31	2.04	0.00	0.00	0.00	0.00	0.17	4.85	100.00	0.07	20.47	267	2307	917	0	0	0	0	0	3491	298.84	4.57	2.13	11.77	7.27	7.61	7.05	1.01	24.19	24.27
9/19/2023 14:36:27	0.00	0.00	4.61	0.00	0.00	0.00	0.00	0.00	4.61	100.00	0.07	20.48	0	0	2073	0	0	0	0	0	2073	297.59	6.53	1.74	3.03	6.71	6.84	12.54	1.01	24.20	24.20
9/19/2023 14:36:30	0.00	0.82	0.00	3.07	0.00	0.00	0.00	0.61	3.89	100.00	0.10	20.46	0	825	0	92	0	0	0	0	917	294.34	8.83	4.21	7.70	13.07	13.38	8.51	1.01	24.21	24.20
9/19/2023 14:36:34	4.17	1.31	0.77	0.00	0.00	0.00	0.00	0.03	6.25	100.00	0.09	20.46	2211	1305	347	0	0	0	0	0	3863	302.01	3.03	3.30	9.63	8.17	6.60	10.12	1.01	24.22	24.27
9/19/2023 14:36:36	0.00	0.91	1.27	2.61	0.00	0.00	0.00	0.34	4.79	100.00	0.06	20.45	0	908	571	78	0	0	0	0	1558	300.56	8.85	7.06	10.14	10.94	10.02	10.41	1.00	24.23	24.25
9/19/2023 14:36:39	0.00	0.00	2.08	1.41	0.00	0.00	0.00	0.57	3.50	100.00	0.05	20.45	0	0	937	42	0	0	0	0	979	301.76	6.70	3.92	2.90	12.22	9.02	12.23	1.00	24.22	24.22
9/19/2023 14:36:42	5.37	0.00	1.31	0.00	0.00	0.00	0.00	0.00	6.67	100.00	0.05	20.46	2843	0	589	0	0	0	0	0	3432	302.31	3.59	2.08	6.59	9.60	5.21	13.83	1.00	24.23	24.27
9/19/2023 14:36:45	0.00	0.54	0.00	1.51	0.00	0.00	0.00	0.91	2.05	100.00	0.06	20.46	0	542	0	45	0	0	0	0	587	296.29	5.17	4.12	5.48	13.94	8.82	7.46	1.00	24.24	24.25
9/19/2023 14:36:48	2.40	0.00	0.00	1.62	0.00	0.00	0.00	0.40	4.01	100.00	0.05	20.46	1270	0	0	49	0	0	0	0	1319	302.59	3.78	3.98	3.85	10.48	9.32	10.86	1.00	24.24	24.27
9/19/2023 14:36:51	4.55	1.34	0.67	0.00	0.00	0.00	0.00	0.00	6.55	100.00	0.06	20.45	2410	1340	301	0	0	0	0	0	4050	297.99	2.94	2.79	8.96	8.13	7.96	10.45	1.00	24.25	24.22
9/19/2023 14:36:54	2.51	0.05	2.92	0.00	0.00	0.00	0.00	0.25	5.49	100.00	0.05	20.46	1330	53	1315	0	0	0	0	0	2699	300.10	5.68	0.65	6.01	11.48	6.06	13.67	1.00	24.25	24.25
9/19/2023 14:36:57	1.12	0.00	2.68	2.06	0.00	0.00	0.00	0.16	5.85	100.00	0.02	20.47	591	0	1205	62	0	0	0	0	1858	299.47	8.56	3.24	6.13	11.07	10.81	14.74	1.00	24.28	24.27
9/19/2023 14:37:00	0.00	1.88	2.69	0.10	0.00	0.00	0.00	0.62	4.67	100.00	0.02	20.46	0	1882	1210	3	0	0	0	0	3095	299.26	8.61	2.42	9.76	13.49	8.54	9.12	1.00	24.28	24.28
9/19/2023 14:37:03	0.00	0.14	1.66	1.13	0.00	0.00	0.00	0.40	2.93	100.00	0.01	20.47	0	141	747	34	0	0	0	0	921	296.96	9.23	4.10	6.61	10.03	4.47	6.47	1.00	24.28	24.27
9/19/2023 14:37:06	0.00	0.00	1.68	1.99	0.00	0.00	0.00	0.35	3.67	100.00	0.02	20.45	0	0	754	60	0	0	0	0	814	298.88	7.44	3.33	4.00	9.88	9.71	10.73	1.00	24.28	24.25
9/19/2023 14:37:09	0.00	2.38	1.39	0.00	0.00	0.00	0.00	0.84	3.77	100.00	0.02	20.46	0	2382	624	0	0	0	0	0	3006	302.61	7.06	-1.17	9.77	13.83	10.14	7.05	1.00	24.31	24.28
9/19/2023 14:37:12	3.68	1.72	1.75	0.00	0.00	0.00	0.00	0.00	7.15	100.00	0.02	20.46	1952	1717	788	0	0	0	0	0	4457	282.05	3.82	4.41	12.13	4.91	7.49	14.59	1.00	24.31	24.23
9/19/2023 14:37:15	1.44	0.00	0.00	0.34	0.00	0.00	0.00	0.63	1.78	98.89	0.00	20.46	765	0	0	10	0	0	0	0	775	250.79	2.34	-2.90	-3.83	9.02	10.26	8.46	1.00	24.32	24.27
9/19/2023 14:37:18	0.00	0.00	0.00	1.54	0.00	0.00	0.00	0.64	1.54	100.00	0.01	20.46	0	0	0	46	0	0	0	0	46	286.06	4.48	3.76	3.23	9.71	6.82	7.35	1.00	24.31	24.25
9/19/2023 14:37:21	7.67	1.28	0.00	0.00	0.00	0.00	0.00	0.00	8.95	100.00	0.01	20.45	4065	1282	0	0	0	0	0	0	5347	301.02	0.90	0.51	8.35	10.59	12.10	15.81	1.00	24.30	24.23
9/19/2023 14:37:24	5.72	0.00	0.14	0.00	0.00	0.00	0.00	0.00	5.86	100.00	0.01	20.45	3033	0	64	0	0	0	0	0	3097	297.90	1.94	-0.10	5.40	7.12	5.44	12.24	1.00	24.34	24.32
9/19/2023 14:37:27	0.00	0.00	3.82	0.83	0.00	0.00	0.00	0.17	4.65	100.00	0.01	20.46	0	0	1719	25	0	0	0	0	1743	303.79	7.21	5.72	5.45	9.72	6.41	12.69	1.00	24.32	24.27
9/19/2023 14:37:30	0.00	0.20	1.42	2.33	0.00	0.00	0.00	0.40	3.96	100.00	0.01	20.48	0	200	641	70	0	0	0	0	911	283.03	9.91	3.74	7.50	11.31	8.74	9.63	1.00	24.32	24.22
9/19/2023 14:37:33	5.74	0.52	0.00	0.00	0.00	0.00	0.00	0.40	6.26	100.00	0.01	20.48	3044	521	0	0	0	0	0	0	3565	293.99	0.68	-0.22	5.87	13.41	9.20	13.52	1.00	24.31	24.23
9/19/2023 14:37:36	0.00	0.90	1.86	0.11	0.00	0.00	0.00	0.78	2.87	97.01	0.03	20.50	0	896	838	3	0	0	0	0	1738	246.04	6.13	0.89	6.17	13.23	7.11	8.57	1.00	24.30	24.22
9/19/2023 14:37:39	2.21	0.21	2.71	0.00	0.00	0.00	0.00	0.25	5.13	100.00	0.02	20.47	1170	212	1220	0	0	0	0	0	2602	278.54	5.37	1.43	7.45	10.90	4.37	12.54	1.00	24.34	24.25
9/19/2023 14:37:42	0.00	1.16	0.00	1.70	0.00	0.00	0.00	0.89	2.87	100.00	0.03	20.46	0	1161	0	51	0	0	0	0	1213	303.47	5.02	3.09	7.46	13.94	11.08	8.95	1.00	24.34	24.25
9/19/2023 14:37:45	0.00	0.00	4.93	0.00	0.00	0.00	0.00	0.18	4.93	100.00	0.04	20.46	0	0	2220	0	0	0	0	0	2220	296.13	8.56	-2.46	1.69	10.07	8.36	13.82	1.00	24.35	24.23
9/19/2023 14:37:48	0.00	3.64	0.09	0.18	0.00	0.00	0.00	0.47	3.92	100.00	0.04	20.45	0	3643	41	5	0	0	0	0	3689	284.02	6.25	9.75	15.27	8.62	6.35	0.90	1.00	24.35	24.23
9/19/2023 14:37:51	0.00	0.82	4.40	0.00	0.00	0.00	0.00	0.04	5.22	100.00	0.03	20.46	0	816	1982	0	0	0	0	0	2798	294.55	9.08	0.09	7.44	8.47	7.11	10.06	1.00	24.36	24.27
9/19/2023 14:37:54	1.33	0.36	2.28	0.44	0.00	0.00	0.00	0.46	4.41	100.00	0.04	20.47	707	359	1025	13	0	0	0	0	2104	287.81	5.81	-0.96	5.10	11.96	9.07	11.98	1.00	24.34	24.23
9/19/2023 14:37:57	2.04	0.00	0.00	1.59	0.00	0.00	0.00	0.71	3.63	100.00	0.03	20.45	1083	0	0	48	0	0	0	0	1130	303.91	4.19	-0.37	2.02	13.66	12.25	12.07	1.00	24.35	24.22
9/19/2023 14:38:00	0.00	0.08	2.02	0.23	0.00	0.00	0.00	0.78	2.33	100.00	0.03	20.45	0	82	909	7	0	0	0	0	998	302.22	6.04	-0.36	3.89	13.23	6.37	9.38	1.00	24.35	24.27
9/19/2023 14:38:03	2.47	1.05	2.25	0.15	0.00	0.00	0.00	0.34	5.91	100.00	0.03	20.45	1308	1046	1011	4	0	0	0	0	3369	302.96	5.60	0.23	7.37	12.03	9.76	12.80	1.00	24.36	24.23
9/19/2023 14:38:06	3.85	1.43	0.93	0.00	0.00	0.00	0.00	0.53	6.21	100.00	0.02	20.45	2039	1428	419	0	0	0	0	0	3887	294.28	4.18	3.86	9.62	14.30	7.83	12.93	1.00	24.35	24.23
9/19/2023 14:38:09	0.20	0.15	0.00	1.09	0.00	0.00	0.00	1.00	1.43	100.00	0.04	20.45	104	152	0	33	0	0	0	0	288	302.24	3.57	5.88	5.36	14.13	5.30	8.43	1.00	24.36	24.22
9/19/2023 14:38:12	3.06	0.00	0.00	1.47	0.00	0.00	0.00	0.29	4.53	100.00	0.03	20.45	1623	0	0	44	0	0	0	0	1667	304.17	3.45	5.26	3.11	9.77	8.97	11.48	1.00	24.36	24.27
9/19/2023 14:38:15	0.00	0.99	1.80	1.87	0.00	0.00	0.00	0.42	4.66	100.00	0.01	20.47	0	993	808	56	0	0	0	0	1857	296.06	8.12	4.49	9.05	11.64	10.21	10.81	1.00	24.38	24.33
9/19/2023 14:38:18	0.00	1.65	4.27	0.00	0.00	0.00	0.00	0.00	5.92	100.00	0.02	20.45	0	1647	1922	0	0	0	0	0	3569	303.01	9.56	1.48	9.56	8.05	8.61	9.45	1.00	24.37	24.23
9/19/2023 14:38:21	0.00	1.04	0.00	1.00	0.00	0.00	0.00	0.92	2.04	100.00	0.03	20.46	0	1037	0	30	0	0	0	0	1067	300.32	5.69	1.70	6.16	13.43	8.89	5.95	1.00	24.38	24.25
9/19/2023 14:38:24	2.23	0.26	0.00	2.83	0.00	0.00	0.00	0.00	5.32	100.00	0.04	20.44	1184	259	0	85	0	0	0	0	1528	275.26	2.68	5.99	5.73	5.97	14.44	12.06	1.00	24.38	24.27
9/19/2023 14:38:27	0.39	0.67	0.00	1.79	0.00	0.00	0.00	0.78	2.86	100.00	0.08	20.44	209	675	0	54	0	0	0	0	938	295.32	5.52	-0.95	5.72	12.81	11.81	9.24	1.01	24.39	24.23
9/19/2023 14:38:30	0.00	0.79	2.29	0.00	0.00	0.00	0.00	0.56	3.09	100.00	0.07	20.44	0	794	1033	0	0	0	0	0	1827	293.24	6.30	1.32	9.26	11.34	2.44	8.10	1.01	24.38	24.25
9/19/2023 14:38:33	0.00	0.61	0.00	2.60	0.00	0.00	0.00	0.55	3.21	100.00	0.07	20.44	0	607	0	78	0	0	0	0	685	303.01	6.48	3.42	6.81	11.05	11.71	8.34	1.01	24.38	24.23
9/19/2023 14:38:36	0.00	0.22	2.36	1.37	0.00	0.00	0.00	0.05	3.95	100.00	0.06	20.45	0	223	1061	41	0	0	0	0	1325	301.28	10.18	0.19	6.20	7.08	7.64	6.86	1.01	24.39	24.22
9/19/2023 14:38:39	7.01	0.00	0.00	1.04	0.00	0.00	0.00	0.13	8.05	100.00	0.07	20.43	3716	0	0	31	0	0	0	0	3747	303.99	0.31	7.24	2.19	13.29	13.05	17.48	1.01	24.38	24.23
9/19/2023 14:38:41	3.84	0.91	1.85	0.00	0.00	0.00	0.00	0.27	6.60	100.00	0.06	20.45	2034	907	833	0	0	0	0	0	3774	299.38	5.03	0.69	8.24	12.33	8.10	13.75	1.01	24.38	24.22
9/19/2023 14:38:44	0.09	1.37	1.15	0.00	0.00	0.00	0.00	0.77	2.61	100.00	0.07	20.46	50	1368	518	0	0	0	0	0	1936	300.69	4.02	-1.36	7.58	11.90	7.35	7.46	1.01	24.40	24.20
9/19/2023 14:38:48	0.00	0.78	2.02	1.03	0.00	0.00	0.00	0.52	3.83	100.00	0.06	20.46	0	778	908	31	0	0	0	0	1717	301.88	8.95	1.49	7.33	11.97	8.23	8.78	1.00	24.38	24.22
9/19/2023 14:38:51	0.00	0.00	3.99	0.00	0.00	0.00	0.00	0.30	3.99	100.00	0.06	20.45	0	0	1795	0	0	0	0	0	1795	302.91	7.22	0.55	3.40	10.19	5.89	11.69	1.00	24.38	24.20
9/19/2023 14:38:53	3.68	1.23	1.55	0.00	0.00	0.00	0.00	0.24	6.46	100.00	0.09	20.44	1948	1229	698	0	0	0	0	0	3875	297.83	4.52	2.08	9.27	11.41	7.72	12.47	1.01	24.39	24.23
9/19/2023 14:38:56	0.00	0.00	4.80	0.68	0.00	0.00	0.00	0.00	5.49	100.00	0.10	20.45	0	0	2161	20	0	0	0	0	2181	301.07	9.65	1.51	4.75	8.93	8.21	13.30	1.01	24.40	24.23
9/19/2023 14:38:59	3.27	0.00	1.66	0.79	0.00	0.00	0.00	0.00	5.73	100.00	0.08	20.45	1736	0	747	24	0	0	0	0	2506	292.32	4.74	3.46	4.92	8.16	7.62	12.77	1.01	24.41	24.27
9/19/2023 14:39:02	0.00	0.91	0.55	1.01	0.00	0.00	0.00	0.44	2.46	100.00	0.02	20.47	0	910	246	30	0	0	0	0	1187	272.00	8.16	-0.13	6.71	8.57	7.35	3.48	1.00	24.40	24.23
9/19/2023 14:39:05	0.00	0.71	0.00	2.79	0.00	0.00	0.00	0.42	3.50	100.00	0.04	20.47	0	714	0	84	0	0	0	0	798	299.65	7.64	6.53	8.05	10.18	10.47	6.98	1.00	24.39	24.22
9/19/2023 14:39:08	0.00	0.38	1.77	1.44	0.00	0.00	0.00	0.53	3.59	100.00	0.01	20.47	0	382	796	43	0	0	0	0	1222	300.86	8.10	2.34	6.63	11.91	8.33	9.77	1.00	24.40	24.27
9/19/2023 14:39:11	0.40	0.66	4.95	0.05	0.00	0.00	0.00	0.14	6.06	100.00	0.01	20.47	210	660	2227	2	0	0	0	0	3099	308.51	8.17	0.36	6.70	10.99	9.22	14.33	1.00	24.40	24.23
9/19/2023 14:39:14	0.00	1.40	2.33	0.00	0.00	0.00	0.00	0.57	3.72	100.00	0.02	20.48	0	1398	1047	0	0	0	0	0	2445	301.13	7.41	1.07	7.96	11.75	7.35	7.72	1.00	24.41	24.20
9/19/2023 14:39:17	0.00	0.00	2.85	2.61	0.00	0.00	0.00	0.00	5.46	100.00	0.07	20.47	0	0	1283	78	0	0	0	0	1361	285.37	13.41	10.22	4.73	6.40	7.87	13.15	1.01	24.40	24.19
9/19/2023 14:39:20	0.80	2.05	3.89	0.00	0.00	0.00	0.00	0.00	6.74	100.00	0.11	20.46	426	2049	1751	0	0	0	0	0	4225	287.40	6.75	-0.92	13.46	4.69	8.40	14.39	1.01	24.40	24.22
9/19/2023 14:39:23	3.19	0.00	0.00	2.19	0.00	0.00	0.00	0.19	5.38	100.00	0.02	20.46	1691	0	0	66	0	0	0	0	1756	280.81	5.69	7.26	6.08	10.01	8.21	12.64	1.00	24.40	24.19
9/19/2023 14:39:26	2.20	0.00	0.00	3.26	0.00	0.00	0.00	0.03	5.46	100.00	0.03	20.47	1166	0	0	98	0	0	0	0	1264	299.69	5.41	8.23	7.02	8.55	11.55	11.84	1.00	24.41	24.20
9/19/2023 14:39:29	0.00	0.26	0.92	1.04	0.00	0.00	0.00	0.80	2.23	100.00	0.01	20.49	0	262	416	31	0	0	0	0	709	304.60	5.55	1.94	5.20	12.98	7.30	8.87	1.00	24.41	24.22
9/19/2023 14:39:32	0.50	2.29	2.91	0.00	0.00	0.00	0.00	0.21	5.69	100.00	0.05	20.47	265	2286	1308	0	0	0	0	0	3859	290.87	5.76	4.82	12.37	9.42	7.57	9.57	1.00	24.40	24.23
9/19/2023 14:39:35	3.65	0.00	0.83	0.00	0.00	0.00	0.00	0.58	4.48	100.00	0.59	20.48	1934	0	372	0	0	0	0	0	2307	304.42	3.13	4.49	4.39	13.45	3.33	13.20	1.06	24.41	24.20
9/19/2023 14:39:38	0.00	0.00	3.00	0.91	0.00	0.00	0.00	0.19	3.91	100.00	1.42	20.48	0	0	1351	27	0	0	0	0	1378	303.79	11.05	-0.63	4.28	9.07	7.13	8.11	1.14	24.42	24.25
9/19/2023 14:39:41	2.57	0.36	1.91	1.05	0.00	0.00	0.00	0.12	5.89	100.00	2.39	20.48	1362	359	859	31	0	0	0	0	2612	300.02	6.06	2.39	6.99	10.06	9.00	12.87	1.23	24.41	24.20
9/19/2023 14:39:44	0.00	0.63	2.61	1.62	0.00	0.00	0.00	0.58	4.85	100.00	3.26	20.47	0	631	1172	48	0	0	0	0	1852	303.60	9.14	3.98	8.22	14.38	9.61	13.13	1.32	24.43	24.25
9/19/2023 14:39:47	0.00	0.80	4.03	0.87	0.00	0.00	0.00	0.48	5.70	100.00	4.20	20.47	0	803	1812	26	0	0	0	0	2641	301.58	8.91	3.43	8.25	14.42	9.64	15.01	1.41	24.42	24.22
9/19/2023 14:39:50	0.00	0.77	4.67	0.62	0.00	0.00	0.00	0.36	6.06	100.00	4.62	20.44	0	767	2103	19	0	0	0	0	2888	302.58	9.50	2.49	8.00	13.76	9.58	15.26	1.45	24.42	24.20
9/19/2023 14:39:53	0.00	0.60	3.57	1.39	0.00	0.00	0.00	0.46	5.56	100.00	4.82	20.46	0	602	1606	42	0	0	0	0	2249	303.11	9.39	2.99	7.98	14.11	10.33	14.76	1.47	24.42	24.25
9/19/2023 14:39:56	1.16	0.65	2.67	1.39	0.00	0.00	0.00	0.50	5.87	100.00	5.28	20.45	615	654	1199	42	0	0	0	0	2510	302.93	8.32	2.88	8.11	14.71	10.63	15.11	1.52	24.41	24.19
9/19/2023 14:39:59	0.39	0.49	3.30	1.51	0.00	0.00	0.00	0.45	5.69	100.00	5.99	20.45	208	486	1485	45	0	0	0	0	2225	302.05	9.04	3.38	7.91	14.25	10.30	15.23	1.59	24.42	24.22
9/19/2023 14:40:02	0.48	0.52	3.49	1.23	0.00	0.00	0.00	0.47	5.71	100.00	6.53	20.45	255	517	1569	37	0	0	0	0	2378	303.13	8.83	3.21	7.78	14.52	9.89	15.35	1.64	24.40	24.25
9/19/2023 14:40:05	0.13	0.79	4.36	0.64	0.00	0.00	0.00	0.45	5.92	100.00	6.89	20.43	67	789	1962	19	0	0	0	0	2838	303.33	8.97	2.23	7.85	14.42	9.91	15.45	1.67	24.40	24.27
9/19/2023 14:40:08	0.11	0.75	4.06	0.98	0.00	0.00	0.00	0.41	5.91	100.00	7.39	20.41	57	753	1828	29	0	0	0	0	2668	303.09	9.09	2.77	8.10	13.94	10.20	15.20	1.72	24.41	24.32
9/19/2023 14:40:11	0.00	0.91	4.03	0.95	0.00	0.00	0.00	0.45	5.89	100.00	7.76	20.43	0	906	1813	29	0	0	0	0	2747	302.89	9.19	2.66	8.39	14.23	10.46	15.01	1.76	24.42	24.27
9/19/2023 14:40:14	0.24	0.65	3.60	1.19	0.00	0.00	0.00	0.45	5.68	100.00	8.00	20.43	125	650	1620	36	0	0	0	0	2430	303.45	8.90	2.77	7.89	14.07	10.29	14.96	1.78	24.43	24.27
9/19/2023 14:40:17	0.00	0.84	3.58	1.13	0.00	0.00	0.00	0.47	5.55	100.00	8.60	20.43	0	837	1611	34	0	0	0	0	2483	303.13	9.21	3.01	8.35	14.00	10.09	14.13	1.84	24.42	24.20
9/19/2023 14:40:20	0.00	0.77	3.92	0.77	0.00	0.00	0.00	0.51	5.46	100.00	9.07	20.43	0	774	1762	23	0	0	0	0	2559	303.29	8.99	2.44	7.81	14.42	9.57	14.43	1.89	24.43	24.20
9/19/2023 14:40:23	0.00	0.75	3.21	1.24	0.00	0.00	0.00	0.56	5.21	100.00	9.60	20.39	0	755	1446	37	0	0	0	0	2238	302.52	8.88	2.92	8.04	14.61	10.16	14.09	1.94	24.42	24.22
9/19/2023 14:40:26	0.65	0.44	2.35	1.65	0.00	0.00	0.00	0.51	5.09	100.00	10.04	20.39	345	440	1058	49	0	0	0	0	1893	302.47	8.14	2.52	7.34	13.87	10.52	13.95	1.98	24.43	24.20
9/19/2023 14:40:29	0.57	0.54	2.29	1.64	0.00	0.00	0.00	0.52	5.03	100.00	10.71	20.38	300	540	1030	49	0	0	0	0	1920	302.57	8.05	2.43	7.48	13.72	10.68	13.63	2.05	24.41	24.22
9/19/2023 14:40:32	0.38	0.57	2.19	1.59	0.00	0.00	0.00	0.54	4.73	100.00	11.19	20.37	200	572	985	48	0	0	0	0	1805	302.78	7.80	2.36	7.35	13.53	10.52	13.04	2.10	24.44	24.20
9/19/2023 14:40:35	0.00	0.63	2.38	1.40	0.00	0.00	0.00	0.58	4.41	100.00	11.55	20.33	0	629	1070	42	0	0	0	0	1742	302.74	7.76	2.42	7.27	13.50	10.03	12.50	2.13	24.41	24.19
9/19/2023 14:40:38	0.18	0.54	1.65	1.73	0.00	0.00	0.00	0.61	4.10	100.00	12.19	20.30	97	539	744	52	0	0	0	0	1432	302.72	7.31	2.33	7.05	13.29	10.38	11.95	2.19	24.41	24.27
9/19/2023 14:40:41	0.00	0.48	1.65	1.57	0.00	0.00	0.00	0.60	3.69	100.00	12.62	20.27	0	481	742	47	0	0	0	0	1269	302.96	6.87	2.21	6.60	12.66	9.75	11.16	2.24	24.44	24.19
9/19/2023 14:40:43	0.00	0.48	1.14	1.58	0.00	0.00	0.00	0.67	3.20	100.00	13.11	19.92	0	484	511	47	0	0	0	0	1043	302.99	6.29	1.96	6.30	12.52	9.58	10.19	2.28	24.45	24.23
9/19/2023 14:40:47	0.00	0.43	0.05	2.29	0.00	0.00	0.00	0.81	2.77	100.00	13.77	18.82	0	431	22	69	0	0	0	0	522	302.88	6.85	2.45	6.66	13.57	10.24	9.56	2.35	24.42	24.20
9/19/2023 14:40:50	0.00	0.33	0.00	2.30	0.00	0.00	0.00	0.77	2.63	100.00	14.26	17.77	0	331	0	69	0	0	0	0	400	303.62	6.89	2.53	6.18	13.05	10.08	8.82	2.40	24.41	24.23
9/19/2023 14:40:53	0.00	0.31	0.00	1.48	0.00	0.00	0.00	0.73	1.79	100.00	14.75	16.87	0	310	0	44	0	0	0	0	354	303.63	5.26	1.93	4.94	11.37	8.15	6.55	2.44	24.40	24.23
9/19/2023 14:40:55	0.00	0.28	0.00	1.09	0.00	0.00	0.00	0.74	1.37	100.00	15.50	16.05	0	282	0	33	0	0	0	0	315	303.98	4.56	1.60	4.55	10.70	6.90	5.69	2.52	24.41	24.19
9/19/2023 14:40:58	0.00	0.20	0.00	0.97	0.00	0.00	0.00	0.79	1.17	100.00	16.27	14.38	0	200	0	29	0	0	0	0	229	304.13	4.40	1.59	4.38	11.03	6.23	5.80	2.59	24.40	24.20
9/19/2023 14:41:02	0.00	0.18	0.05	0.84	0.00	0.00	0.00	0.82	1.07	100.00	17.16	12.16	0	180	21	25	0	0	0	0	226	304.51	4.28	1.48	4.27	11.25	5.87	5.86	2.68	24.37	24.22
9/19/2023 14:41:05	0.00	0.13	0.06	0.82	0.00	0.00	0.00	0.81	1.01	100.00	17.70	11.50	0	134	28	24	0	0	0	0	186	304.17	4.15	1.36	4.09	11.06	5.78	5.81	2.73	24.35	24.22
9/19/2023 14:41:07	0.00	0.19	0.28	0.60	0.00	0.00	0.00	0.82	1.07	100.00	18.29	10.85	0	186	127	18	0	0	0	0	331	304.62	4.09	1.30	4.08	11.34	5.54	6.00	2.79	24.31	24.17
9/19/2023 14:41:10	0.00	0.18	0.21	0.60	0.00	0.00	0.00	0.78	0.99	100.00	18.94	10.01	0	182	93	18	0	0	0	0	293	304.67	3.69	1.27	3.97	10.70	5.55	5.70	2.85	24.26	24.19
9/19/2023 14:41:13	0.00	0.24	0.31	0.52	0.00	0.00	0.00	0.79	1.07	100.00	19.62	9.49	0	237	139	16	0	0	0	0	391	305.07	3.69	1.30	4.08	10.86	5.56	5.85	2.92	24.25	24.17
9/19/2023 14:41:16	0.00	0.23	0.29	0.53	0.00	0.00	0.00	0.77	1.05	100.00	20.64	8.75	0	228	131	16	0	0	0	0	375	305.39	3.59	1.25	4.03	10.54	5.56	5.70	3.02	24.19	24.20
9/19/2023 14:41:19	0.00	0.21	0.18	0.56	0.00	0.00	0.00	0.77	0.95	100.00	21.29	8.17	0	211	80	17	0	0	0	0	308	305.85	3.44	1.18	3.92	10.43	5.57	5.53	3.09	24.14	24.20
9/19/2023 14:41:22	0.00	0.25	0.22	0.50	0.00	0.00	0.00	0.76	0.97	100.00	21.73	7.99	0	254	97	15	0	0	0	0	366	305.79	3.30	1.16	3.97	10.31	5.60	5.51	3.13	24.10	24.19
9/19/2023 14:41:25	0.00	0.44	0.40	0.30	0.00	0.00	0.00	0.76	1.14	100.00	22.19	7.87	0	442	179	9	0	0	0	0	630	305.75	3.30	1.15	4.33	10.36	5.61	5.46	3.17	24.09	24.19
9/19/2023 14:41:28	0.00	0.23	0.15	0.48	0.00	0.00	0.00	0.77	0.85	100.00	22.86	7.57	0	227	67	14	0	0	0	0	308	305.81	3.16	1.16	3.84	10.15	5.39	5.24	3.24	24.04	24.22
9/19/2023 14:41:31	0.00	0.28	0.15	0.39	0.00	0.00	0.00	0.77	0.83	100.00	23.54	7.37	0	282	69	12	0	0	0	0	363	305.86	3.07	1.11	3.89	10.10	5.32	5.07	3.31	23.98	24.17
9/19/2023 14:41:34	0.00	0.27	0.18	0.40	0.00	0.00	0.00	0.75	0.85	100.00	24.35	7.09	0	270	82	12	0	0	0	0	364	305.68	3.02	1.09	3.85	9.96	5.34	5.10	3.39	23.93	24.17
9/19/2023 14:41:37	0.00	0.33	0.26	0.26	0.00	0.00	0.00	0.73	0.85	100.00	25.09	6.80	0	329	117	8	0	0	0	0	454	306.20	2.82	1.03	3.86	9.56	5.17	4.83	3.46	23.88	24.17
9/19/2023 14:41:40	0.00	0.27	0.11	0.23	0.00	0.00	0.00	0.73	0.61	100.00	25.84	6.54	0	266	49	7	0	0	0	0	323	305.92	2.51	0.88	3.55	9.24	4.90	4.38	3.53	23.82	24.15
9/19/2023 14:41:43	0.00	0.30	0.13	0.16	0.00	0.00	0.00	0.73	0.59	100.00	26.68	6.39	0	297	60	5	0	0	0	0	362	305.87	2.47	0.86	3.57	9.26	4.81	4.30	3.61	23.76	24.14
9/19/2023 14:41:46	0.00	0.29	0.05	0.20	0.00	0.00	0.00	0.75	0.54	100.00	27.36	6.36	0	292	24	6	0	0	0	0	321	305.93	2.48	0.89	3.57	9.33	4.81	4.22	3.68	23.68	24.14
9/19/2023 14:41:49	0.00	0.29	0.00	0.24	0.00	0.00	0.00	0.76	0.53	100.00	28.22	6.25	0	291	0	7	0	0	0	0	298	305.74	2.53	0.84	3.58	9.43	4.90	4.21	3.76	23.62	24.09
9/19/2023 14:41:52	0.00	0.30	0.03	0.20	0.00	0.00	0.00	0.76	0.53	100.00	29.03	6.04	0	298	13	6	0	0	0	0	317	305.99	2.48	0.88	3.58	9.43	4.84	4.23	3.84	23.58	24.06
9/19/2023 14:41:55	0.00	0.37	0.00	0.26	0.00	0.00	0.00	0.76	0.63	100.00	29.81	5.94	0	368	0	8	0	0	0	0	376	305.80	2.58	0.89	3.77	9.50	5.20	4.27	3.92	23.51	24.04
9/19/2023 14:41:58	0.00	0.30	0.00	0.23	0.00	0.00	0.00	0.75	0.53	100.00	30.65	5.85	0	299	0	7	0	0	0	0	306	305.96	2.51	0.81	3.57	9.38	4.92	4.16	4.00	23.43	24.02
9/19/2023 14:42:01	0.00	0.29	0.09	0.21	0.00	0.00	0.00	0.74	0.59	100.00	31.33	5.76	0	293	38	6	0	0	0	0	338	305.81	2.51	0.82	3.58	9.29	4.92	4.30	4.07	23.36	24.01
9/19/2023 14:42:04	0.00	0.35	0.00	0.26	0.00	0.00	0.00	0.75	0.61	100.00	32.12	5.70	0	349	0	8	0	0	0	0	357	305.87	2.51	0.95	3.72	9.36	5.12	4.20	4.15	23.27	24.02
9/19/2023 14:42:07	0.00	0.36	0.00	0.26	0.00	0.00	0.00	0.74	0.62	100.00	33.09	5.64	0	358	0	8	0	0	0	0	366	306.02	2.41	0.86	3.70	9.33	5.24	4.28	4.24	23.21	23.98
9/19/2023 14:42:10	0.00	0.44	0.00	0.27	0.00	0.00	0.00	0.74	0.71	100.00	33.90	5.62	0	441	0	8	0	0	0	0	449	305.73	2.36	0.85	3.79	9.39	5.67	4.29	4.32	23.13	23.88
9/19/2023 14:42:13	0.00	0.46	0.00	0.31	0.00	0.00	0.00	0.73	0.77	100.00	34.60	5.56	0	460	0	9	0	0	0	0	469	306.26	2.34	0.80	3.62	9.35	6.12	4.18	4.39	23.06	23.93
9/19/2023 14:42:16	0.00	0.47	0.00	0.30	0.00	0.00	0.00	0.73	0.77	100.00	35.48	5.51	0	470	0	9	0	0	0	0	479	305.43	2.31	0.79	3.67	9.29	6.10	4.20	4.48	22.95	23.90
9/19/2023 14:42:19	0.00	0.44	0.00	0.33	0.00	0.00	0.00	0.73	0.77	100.00	36.28	5.47	0	437	0	10	0	0	0	0	447	305.40	2.41	0.80	3.65	9.35	6.06	4.24	4.55	22.88	23.85
9/19/2023 14:42:22	0.00	0.46	0.00	0.25	0.00	0.00	0.00	0.75	0.71	100.00	36.98	5.47	0	463	0	7	0	0	0	0	471	305.44	2.33	0.74	3.69	9.43	5.85	4.20	4.62	22.80	23.83
9/19/2023 14:42:25	0.00	0.41	0.00	0.23	0.00	0.00	0.00	0.75	0.65	100.00	37.95	5.43	0	414	0	7	0	0	0	0	421	305.01	2.38	0.79	3.72	9.38	5.44	4.20	4.72	22.70	23.75
9/19/2023 14:42:28	0.00	0.47	0.00	0.15	0.00	0.00	0.00	0.77	0.62	100.00	38.80	5.39	0	466	0	5	0	0	0	0	471	304.48	2.27	0.74	3.77	9.57	5.39	4.17	4.80	22.61	23.70
9/19/2023 14:42:31	0.00	0.47	0.00	0.18	0.00	0.00	0.00	0.76	0.65	100.00	39.62	5.36	0	469	0	5	0	0	0	0	475	304.74	2.31	0.79	3.79	9.53	5.49	4.18	4.88	22.51	23.69
9/19/2023 14:42:34	0.00	0.45	0.00	0.30	0.00	0.00	0.00	0.76	0.75	100.00	40.46	5.35	0	447	0	9	0	0	0	0	456	303.42	2.53	0.85	3.88	9.68	5.71	4.45	4.96	22.43	23.69
9/19/2023 14:42:37	0.00	0.50	0.00	0.21	0.00	0.00	0.00	0.78	0.72	100.00	41.30	5.28	0	504	0	6	0	0	0	0	511	304.21	2.48	0.79	3.93	9.79	5.65	4.31	5.05	22.33	23.62
9/19/2023 14:42:40	0.00	0.46	0.00	0.22	0.00	0.00	0.00	0.77	0.68	100.00	42.19	5.24	0	460	0	7	0	0	0	0	466	303.61	2.39	0.80	3.84	9.63	5.54	4.32	5.13	22.24	23.56
9/19/2023 14:42:43	0.00	0.49	0.00	0.21	0.00	0.00	0.00	0.77	0.70	100.00	42.79	5.15	0	489	0	6	0	0	0	0	496	303.89	2.40	0.77	3.83	9.62	5.69	4.23	5.19	22.16	23.57
9/19/2023 14:42:46	0.00	0.52	0.00	0.26	0.00	0.00	0.00	0.78	0.78	100.00	43.53	5.08	0	518	0	8	0	0	0	0	526	303.97	2.49	0.84	3.91	9.95	5.97	4.44	5.26	22.04	23.53
9/19/2023 14:42:49	0.00	0.56	0.00	0.26	0.00	0.00	0.00	0.78	0.81	100.00	44.28	5.04	0	558	0	8	0	0	0	0	565	303.49	2.46	0.84	3.98	9.96	6.08	4.43	5.34	21.96	23.46
9/19/2023 14:42:52	0.00	0.53	0.00	0.20	0.00	0.00	0.00	0.76	0.73	100.00	44.99	5.04	0	532	0	6	0	0	0	0	538	303.62	2.30	0.76	3.79	9.56	5.93	4.13	5.41	21.87	23.43
9/19/2023 14:42:55	0.00	0.59	0.00	0.02	0.00	0.00	0.00	0.76	0.61	100.00	45.53	5.04	0	593	0	1	0	0	0	0	593	303.53	1.96	0.61	3.61	9.38	5.77	3.67	5.46	21.76	23.35
9/19/2023 14:42:58	0.00	0.59	0.00	0.05	0.00	0.00	0.00	0.76	0.64	100.00	45.54	5.07	0	587	0	1	0	0	0	0	589	303.57	2.01	0.62	3.65	9.37	5.80	3.73	5.46	21.66	23.30
9/19/2023 14:43:01	0.00	0.58	0.00	0.06	0.00	0.00	0.00	0.77	0.64	100.00	45.55	5.07	0	578	0	2	0	0	0	0	580	303.81	2.03	0.65	3.61	9.47	5.85	3.76	5.46	21.56	23.27
9/19/2023 14:43:04	0.00	0.57	0.00	0.11	0.00	0.00	0.00	0.74	0.68	100.00	45.52	5.08	0	567	0	3	0	0	0	0	570	303.57	2.02	0.67	3.63	9.22	5.93	3.78	5.46	21.45	23.17
9/19/2023 14:43:07	0.00	0.59	0.00	0.04	0.00	0.00	0.00	0.77	0.63	100.00	45.51	5.04	0	589	0	1	0	0	0	0	590	303.95	1.97	0.62	3.58	9.44	5.85	3.72	5.46	21.35	23.22
9/19/2023 14:43:10	0.00	0.59	0.00	0.08	0.00	0.00	0.00	0.75	0.66	100.00	44.89	5.04	0	585	0	2	0	0	0	0	588	303.31	1.98	0.67	3.62	9.32	5.94	3.75	5.40	21.27	23.15
9/19/2023 14:43:12	0.00	0.62	0.00	0.12	0.00	0.00	0.00	0.77	0.74	100.00	43.21	5.08	0	624	0	4	0	0	0	0	628	303.25	2.09	0.72	3.83	9.67	6.11	4.05	5.23	21.19	23.09
9/19/2023 14:43:16	0.00	0.56	0.00	0.26	0.00	0.00	0.00	0.76	0.83	100.00	41.37	5.16	0	564	0	8	0	0	0	0	572	303.42	2.37	0.79	3.90	9.68	6.24	4.30	5.05	21.05	23.06
9/19/2023 14:43:19	0.00	0.58	0.00	0.25	0.00	0.00	0.00	0.77	0.83	100.00	39.70	5.28	0	583	0	8	0	0	0	0	590	303.48	2.42	0.77	3.91	9.76	6.27	4.25	4.89	20.97	23.04
9/19/2023 14:43:21	0.00	0.62	0.00	0.22	0.00	0.00	0.00	0.77	0.84	100.00	38.00	5.33	0	625	0	7	0	0	0	0	631	303.35	2.29	0.86	3.97	9.77	6.30	4.23	4.72	20.88	22.91
9/19/2023 14:43:24	0.00	0.58	0.00	0.25	0.00	0.00	0.00	0.75	0.83	100.00	36.30	5.37	0	579	0	7	0	0	0	0	587	303.87	2.36	0.76	3.89	9.54	6.24	4.14	4.56	20.79	22.90
9/19/2023 14:43:27	0.00	0.57	0.00	0.25	0.00	0.00	0.00	0.75	0.82	100.00	34.65	5.43	0	573	0	7	0	0	0	0	581	304.36	2.31	0.78	3.84	9.52	6.27	4.14	4.39	20.68	22.86
9/19/2023 14:43:30	0.00	0.58	0.00	0.30	0.00	0.00	0.00	0.75	0.88	100.00	32.76	5.49	0	580	0	9	0	0	0	0	589	304.73	2.45	0.89	3.89	9.61	6.41	4.18	4.21	20.58	22.80
9/19/2023 14:43:33	0.00	0.56	0.00	0.33	0.00	0.00	0.00	0.75	0.89	100.00	31.05	5.58	0	564	0	10	0	0	0	0	574	304.83	2.50	0.90	3.87	9.75	6.50	4.30	4.04	20.47	22.75
9/19/2023 14:43:36	0.00	0.56	0.00	0.35	0.00	0.00	0.00	0.75	0.91	100.00	29.30	5.73	0	563	0	10	0	0	0	0	574	304.30	2.54	0.89	3.93	9.71	6.50	4.34	3.87	20.40	22.70
9/19/2023 14:43:39	0.00	0.51	0.00	0.38	0.00	0.00	0.00	0.75	0.90	100.00	27.58	5.92	0	514	0	12	0	0	0	0	526	304.42	2.61	0.89	3.83	9.73	6.48	4.39	3.70	20.31	22.61
9/19/2023 14:43:42	0.00	0.62	0.00	0.30	0.00	0.00	0.00	0.75	0.92	100.00	25.87	6.16	0	622	0	9	0	0	0	0	631	303.98	2.48	0.92	4.04	9.72	6.49	4.25	3.53	20.23	22.59
9/19/2023 14:43:45	0.00	0.60	0.00	0.47	0.00	0.00	0.00	0.76	1.07	100.00	23.94	6.52	0	601	0	14	0	0	0	0	615	303.91	2.87	1.01	4.24	10.13	6.84	4.75	3.35	20.11	22.57
9/19/2023 14:43:48	0.00	0.56	0.00	0.66	0.00	0.00	0.00	0.77	1.22	100.00	22.15	7.03	0	563	0	20	0	0	0	0	583	303.62	3.26	1.10	4.38	10.45	7.19	5.18	3.17	20.05	22.49
9/19/2023 14:43:51	0.00	0.56	0.00	0.69	0.00	0.00	0.00	0.79	1.25	100.00	20.39	7.66	0	557	0	21	0	0	0	0	578	303.29	3.43	1.18	4.59	10.73	7.04	5.45	3.00	19.96	22.41
9/19/2023 14:43:54	0.00	0.58	0.00	0.83	0.00	0.00	0.00	0.81	1.41	100.00	18.60	8.48	0	577	0	25	0	0	0	0	602	303.13	3.66	1.27	4.75	11.19	7.57	5.91	2.82	19.88	22.38
9/19/2023 14:43:57	0.00	0.56	0.00	0.86	0.00	0.00	0.00	0.83	1.42	100.00	16.83	9.95	0	563	0	26	0	0	0	0	589	302.49	4.01	1.39	4.78	11.58	7.53	5.91	2.65	19.80	22.33
9/19/2023 14:44:00	0.00	0.51	0.00	0.82	0.00	0.00	0.00	0.84	1.33	100.00	14.88	13.02	0	506	0	25	0	0	0	0	530	302.01	4.28	1.58	4.88	11.63	6.81	5.75	2.46	19.74	22.28
9/19/2023 14:44:03	0.00	0.62	0.00	1.62	0.00	0.00	0.00	0.78	2.24	100.00	13.06	16.86	0	619	0	49	0	0	0	0	667	301.27	5.67	1.99	5.86	12.33	9.42	7.24	2.28	19.66	22.24
9/19/2023 14:44:06	0.00	0.56	0.81	1.97	0.00	0.00	0.00	0.75	3.35	100.00	11.27	19.11	0	563	366	59	0	0	0	0	988	299.91	6.87	2.36	6.92	13.66	10.47	10.74	2.10	19.61	22.14
9/19/2023 14:44:09	0.25	0.82	1.86	1.77	0.00	0.00	0.00	0.65	4.70	100.00	9.51	19.73	134	818	837	53	0	0	0	0	1842	299.19	7.97	2.58	8.04	14.53	11.30	13.01	1.93	19.58	22.09
9/19/2023 14:44:12	0.55	0.58	1.98	2.15	0.00	0.00	0.00	0.55	5.26	100.00	7.77	19.94	294	577	890	65	0	0	0	0	1826	298.46	8.71	2.83	8.09	14.41	11.78	14.19	1.76	19.57	22.09
9/19/2023 14:44:15	0.18	1.04	3.22	1.42	0.00	0.00	0.00	0.49	5.86	100.00	5.78	20.02	95	1036	1450	43	0	0	0	0	2623	299.29	9.04	3.11	9.01	14.40	11.41	14.66	1.57	19.53	21.96
9/19/2023 14:44:18	0.00	0.63	1.97	2.28	0.00	0.00	0.00	0.73	4.87	100.00	3.97	19.99	0	630	885	68	0	0	0	0	1584	298.77	9.34	2.58	8.12	16.10	12.18	14.35	1.39	19.50	21.98
9/19/2023 14:44:21	0.11	1.26	4.24	0.00	0.00	0.00	0.00	0.46	5.60	100.00	2.19	20.01	56	1258	1907	0	0	0	0	0	3221	301.80	7.71	2.23	8.44	13.52	8.99	13.68	1.21	19.48	21.91
9/19/2023 14:44:24	0.00	0.02	0.00	2.23	0.00	0.00	0.00	0.89	2.25	100.00	0.39	20.17	0	24	0	67	0	0	0	0	91	296.12	6.46	5.30	4.53	14.90	9.74	8.29	1.04	19.45	21.87
9/19/2023 14:44:27	0.81	1.43	1.84	0.57	0.00	0.00	0.00	0.64	4.65	100.00	-0.05	20.31	432	1429	827	17	0	0	0	0	2705	292.90	5.91	2.82	8.62	13.63	9.63	11.27	0.99	19.42	21.77
9/19/2023 14:44:30	0.00	0.00	4.41	0.34	0.00	0.00	0.00	0.20	4.75	100.00	-0.04	20.28	0	0	1985	10	0	0	0	0	1995	299.21	9.87	-0.32	2.54	10.34	8.29	12.12	1.00	19.38	21.72
9/19/2023 14:44:33	0.00	0.00	3.72	0.00	0.00	0.00	0.00	0.42	3.72	100.00	-0.02	20.20	0	0	1674	0	0	0	0	0	1674	292.87	6.79	5.16	5.79	11.44	1.77	11.72	1.00	19.39	21.77
9/19/2023 14:44:36	3.92	0.43	2.15	0.00	0.00	0.00	0.00	0.00	6.51	100.00	-0.03	20.25	2077	435	969	0	0	0	0	0	3481	284.47	4.35	3.78	7.58	8.69	6.00	13.53	1.00	19.37	21.69
9/19/2023 14:44:39	1.19	0.77	0.43	1.91	0.00	0.00	0.00	0.75	4.30	100.00	-0.01	20.30	628	774	194	57	0	0	0	0	1653	299.89	6.72	0.60	7.24	14.69	12.14	12.04	1.00	19.36	21.67
9/19/2023 14:44:42	0.00	0.00	0.00	3.01	0.00	0.00	0.00	0.81	3.01	100.00	0.01	20.30	0	0	0	90	0	0	0	0	90	294.36	11.64	1.86	6.25	15.01	10.00	9.05	1.00	19.35	21.66
9/19/2023 14:44:45	0.00	1.12	1.08	1.60	0.00	0.00	0.00	0.69	3.80	100.00	0.02	20.28	0	1122	484	48	0	0	0	0	1654	282.42	6.80	3.10	8.32	13.21	10.47	10.16	1.00	19.33	21.58
9/19/2023 14:44:48	1.33	0.38	2.95	0.42	0.00	0.00	0.00	0.32	5.08	100.00	0.02	20.30	703	375	1329	13	0	0	0	0	2419	278.77	6.19	4.06	6.83	11.56	6.76	12.81	1.00	19.33	21.48
9/19/2023 14:44:51	4.69	0.08	1.53	0.00	0.00	0.00	0.00	0.09	6.29	100.00	0.07	20.33	2485	80	687	0	0	0	0	0	3252	292.86	4.22	1.54	9.48	10.57	1.96	13.41	1.01	19.34	21.50
9/19/2023 14:44:54	1.39	0.51	1.76	0.00	0.00	0.00	0.00	0.63	3.66	100.00	0.09	20.32	735	509	794	0	0	0	0	0	2039	298.62	4.53	1.20	6.95	12.75	4.98	10.69	1.01	19.35	21.50
9/19/2023 14:44:57	0.00	0.78	0.00	2.71	0.00	0.00	0.00	0.61	3.49	100.00	0.65	20.38	0	777	0	81	0	0	0	0	858	299.40	7.12	5.48	8.32	12.14	10.93	8.99	1.06	19.35	21.48
9/19/2023 14:45:00	0.64	0.78	5.05	0.06	0.00	0.00	0.00	0.00	6.52	100.00	1.51	20.38	338	776	2270	2	0	0	0	0	3386	303.92	7.87	3.94	8.24	9.45	7.66	14.58	1.15	19.36	21.38
9/19/2023 14:45:03	0.00	0.80	2.44	0.62	0.00	0.00	0.00	0.50	3.86	100.00	2.40	20.35	0	801	1098	19	0	0	0	0	1917	302.51	6.33	2.53	6.93	11.52	8.09	10.26	1.23	19.38	21.48
9/19/2023 14:45:06	0.00	1.74	3.85	0.00	0.00	0.00	0.00	0.64	5.59	100.00	2.98	20.34	0	1745	1731	0	0	0	0	0	3476	300.77	7.94	1.28	9.45	15.16	10.20	13.46	1.29	19.41	21.40
9/19/2023 14:45:09	1.39	0.07	1.52	2.34	0.00	0.00	0.00	0.56	5.33	100.00	3.82	20.37	739	73	686	70	0	0	0	0	1568	301.57	8.48	2.67	7.12	14.97	11.26	15.11	1.37	19.42	21.35
9/19/2023 14:45:12	0.01	0.52	3.28	1.11	0.00	0.00	0.00	0.62	4.92	100.00	4.41	20.38	3	519	1477	33	0	0	0	0	2032	302.08	8.46	2.44	7.15	15.04	9.74	14.47	1.43	19.45	21.33
9/19/2023 14:45:15	0.00	0.00	2.60	2.48	0.00	0.00	0.00	0.60	5.08	100.00	5.21	20.37	0	0	1171	74	0	0	0	0	1246	301.42	10.97	3.28	7.34	15.80	10.78	15.14	1.51	19.49	21.35
9/19/2023 14:45:18	0.00	0.80	2.77	1.72	0.00	0.00	0.00	0.60	5.29	100.00	5.84	20.37	0	800	1247	51	0	0	0	0	2099	299.91	9.59	3.22	8.60	15.20	10.97	14.12	1.57	19.51	21.33
9/19/2023 14:45:21	0.81	0.29	1.80	2.65	0.00	0.00	0.00	0.64	5.55	100.00	6.64	20.33	432	292	810	79	0	0	0	0	1613	300.11	9.57	3.33	8.10	16.25	12.28	15.90	1.65	19.55	21.30
9/19/2023 14:45:23	0.53	0.61	2.14	2.32	0.00	0.00	0.00	0.62	5.60	100.00	7.33	20.33	281	610	962	70	0	0	0	0	1923	300.29	9.45	3.09	8.53	15.88	12.38	15.40	1.72	19.59	21.32
9/19/2023 14:45:26	0.00	0.60	3.08	1.58	0.00	0.00	0.00	0.61	5.25	100.00	7.87	20.32	0	601	1384	47	0	0	0	0	2033	299.94	9.37	2.97	7.96	15.46	10.64	14.82	1.77	19.63	21.25
9/19/2023 14:45:30	0.00	0.77	3.01	1.40	0.00	0.00	0.00	0.62	5.17	100.00	9.02	20.35	0	767	1354	42	0	0	0	0	2163	300.27	9.14	3.02	8.21	15.25	10.40	14.18	1.88	19.65	21.27
9/19/2023 14:45:33	0.00	0.99	2.89	1.34	0.00	0.00	0.00	0.68	5.22	100.00	9.82	20.33	0	988	1300	40	0	0	0	0	2328	300.32	8.83	3.14	8.65	15.84	10.84	14.31	1.96	19.71	21.25
9/19/2023 14:45:35	0.00	0.62	2.58	1.30	0.00	0.00	0.00	0.71	4.50	100.00	10.85	20.30	0	619	1159	39	0	0	0	0	1818	300.41	8.33	2.72	7.42	15.32	9.75	13.40	2.06	19.75	21.21
9/19/2023 14:45:38	0.00	0.88	2.49	1.22	0.00	0.00	0.00	0.71	4.59	100.00	11.62	20.29	0	881	1121	37	0	0	0	0	2038	300.89	8.19	2.75	7.97	15.23	10.07	13.01	2.14	19.79	21.22
9/19/2023 14:45:41	0.00	0.85	2.22	1.12	0.00	0.00	0.00	0.71	4.19	100.00	12.29	20.26	0	851	998	34	0	0	0	0	1883	301.10	7.50	2.51	7.56	14.53	9.68	12.10	2.20	19.84	21.30
9/19/2023 14:45:45	0.00	0.45	1.79	1.05	0.00	0.00	0.00	0.73	3.29	100.00	12.97	19.98	0	449	805	31	0	0	0	0	1285	300.59	6.78	2.23	6.19	13.73	8.21	10.75	2.27	19.87	21.21
9/19/2023 14:45:47	0.00	0.67	0.98	1.16	0.00	0.00	0.00	0.84	2.82	100.00	13.68	18.86	0	671	442	35	0	0	0	0	1148	300.84	6.36	2.23	6.55	13.97	8.45	9.42	2.34	19.91	21.24
9/19/2023 14:45:50	0.00	0.36	0.00	1.83	0.00	0.00	0.00	0.89	2.19	100.00	14.46	17.40	0	359	0	55	0	0	0	0	414	301.56	6.65	2.54	6.09	13.91	8.52	8.36	2.42	19.95	21.24
9/19/2023 14:45:53	0.00	0.32	0.00	1.09	0.00	0.00	0.00	0.86	1.41	100.00	15.41	15.91	0	321	0	33	0	0	0	0	353	302.20	5.09	1.91	4.84	12.30	6.84	6.26	2.51	20.01	21.21
9/19/2023 14:45:56	0.00	0.34	0.00	0.79	0.00	0.00	0.00	0.86	1.13	100.00	16.06	14.22	0	341	0	24	0	0	0	0	364	302.23	4.46	1.60	4.52	11.83	6.19	5.65	2.57	20.05	21.22
9/19/2023 14:45:59	0.00	0.37	0.00	0.73	0.00	0.00	0.00	0.90	1.10	100.00	16.92	12.63	0	368	0	22	0	0	0	0	390	302.12	4.28	1.56	4.47	12.18	6.25	5.80	2.66	20.07	21.22
9/19/2023 14:46:02	0.00	0.29	0.00	0.70	0.00	0.00	0.00	0.91	0.99	100.00	17.59	11.68	0	288	0	21	0	0	0	0	309	301.80	4.11	1.47	4.22	12.17	6.03	5.85	2.72	20.10	21.22
9/19/2023 14:46:05	0.00	0.30	0.00	0.64	0.00	0.00	0.00	0.92	0.94	100.00	18.42	10.67	0	302	0	19	0	0	0	0	321	302.19	4.00	1.39	4.26	12.15	5.83	5.84	2.80	20.11	21.22
9/19/2023 14:46:08	0.00	0.26	0.00	0.65	0.00	0.00	0.00	0.90	0.91	100.00	19.23	9.76	0	262	0	20	0	0	0	0	282	303.00	3.79	1.35	4.16	11.87	5.82	5.91	2.88	20.12	21.21
9/19/2023 14:46:11	0.00	0.32	0.00	0.59	0.00	0.00	0.00	0.90	0.91	100.00	20.21	9.09	0	317	0	18	0	0	0	0	335	303.11	3.58	1.34	4.21	11.80	5.86	5.85	2.98	20.14	21.22
9/19/2023 14:46:14	0.00	0.30	0.00	0.54	0.00	0.00	0.00	0.86	0.84	100.00	21.17	8.43	0	295	0	16	0	0	0	0	312	303.79	3.36	1.25	4.03	11.23	5.72	5.51	3.07	20.16	21.22
9/19/2023 14:46:17	0.00	0.34	0.00	0.52	0.00	0.00	0.00	0.85	0.86	100.00	21.95	7.97	0	337	0	16	0	0	0	0	353	303.29	3.28	1.34	4.08	11.06	5.75	5.35	3.15	20.15	21.21
9/19/2023 14:46:20	0.00	0.33	0.00	0.51	0.00	0.00	0.00	0.84	0.84	100.00	22.75	7.56	0	326	0	15	0	0	0	0	341	303.87	3.21	1.19	3.95	10.97	5.84	5.29	3.23	20.16	21.24
9/19/2023 14:46:23	0.00	0.38	0.00	0.41	0.00	0.00	0.00	0.84	0.79	100.00	23.57	7.31	0	377	0	12	0	0	0	0	389	303.53	3.09	1.22	4.05	10.89	5.60	5.11	3.31	20.16	21.22
9/19/2023 14:46:26	0.00	0.38	0.00	0.38	0.00	0.00	0.00	0.83	0.76	100.00	24.44	7.09	0	376	0	11	0	0	0	0	387	303.97	2.99	1.21	4.04	10.61	5.46	4.95	3.39	20.17	21.22
9/19/2023 14:46:29	0.00	0.37	0.00	0.21	0.00	0.00	0.00	0.82	0.58	100.00	25.45	6.68	0	367	0	6	0	0	0	0	373	304.02	2.63	0.98	3.71	10.28	5.15	4.49	3.49	20.16	21.22
9/19/2023 14:46:32	0.00	0.39	0.00	0.13	0.00	0.00	0.00	0.81	0.52	100.00	26.06	6.49	0	392	0	4	0	0	0	0	396	304.13	2.42	0.96	3.66	10.00	5.00	4.24	3.55	20.16	21.22
9/19/2023 14:46:35	0.00	0.37	0.00	0.11	0.00	0.00	0.00	0.81	0.47	100.00	27.01	6.42	0	365	0	3	0	0	0	0	369	304.05	2.40	0.91	3.56	9.96	4.87	4.15	3.65	20.16	21.22
9/19/2023 14:46:38	0.00	0.40	0.00	0.15	0.00	0.00	0.00	0.81	0.55	100.00	27.94	6.28	0	404	0	4	0	0	0	0	408	304.26	2.45	0.90	3.75	9.99	5.05	4.33	3.74	20.15	21.24
9/19/2023 14:46:41	0.00	0.37	0.00	0.16	0.00	0.00	0.00	0.80	0.52	100.00	28.96	6.04	0	367	0	5	0	0	0	0	372	304.17	2.48	0.99	3.63	9.94	4.98	4.22	3.84	20.12	21.21
9/19/2023 14:46:44	0.00	0.40	0.00	0.14	0.00	0.00	0.00	0.82	0.54	100.00	29.98	5.87	0	397	0	4	0	0	0	0	401	304.16	2.46	0.93	3.68	10.16	5.06	4.34	3.94	20.11	21.19
9/19/2023 14:46:47	0.00	0.43	0.00	0.12	0.00	0.00	0.00	0.81	0.55	100.00	30.80	5.76	0	427	0	4	0	0	0	0	431	304.15	2.38	0.89	3.67	10.02	5.16	4.22	4.02	20.11	21.14
9/19/2023 14:46:50	0.00	0.39	0.00	0.16	0.00	0.00	0.00	0.81	0.55	100.00	31.43	5.73	0	387	0	5	0	0	0	0	391	304.17	2.47	0.89	3.65	9.98	5.10	4.27	4.08	20.06	21.17
9/19/2023 14:46:53	0.00	0.46	0.00	0.12	0.00	0.00	0.00	0.82	0.58	100.00	32.23	5.64	0	460	0	4	0	0	0	0	464	304.07	2.37	0.93	3.80	10.08	5.21	4.30	4.16	20.05	21.12
9/19/2023 14:46:56	0.00	0.42	0.00	0.18	0.00	0.00	0.00	0.81	0.60	100.00	32.80	5.61	0	420	0	5	0	0	0	0	425	304.17	2.51	0.93	3.72	10.11	5.28	4.33	4.21	20.03	21.14
9/19/2023 14:46:59	0.00	0.48	0.00	0.11	0.00	0.00	0.00	0.83	0.59	100.00	33.67	5.56	0	479	0	3	0	0	0	0	483	304.34	2.43	0.88	3.84	10.19	5.22	4.30	4.30	19.99	21.12
9/19/2023 14:47:02	0.00	0.46	0.00	0.11	0.00	0.00	0.00	0.82	0.58	100.00	34.31	5.53	0	463	0	3	0	0	0	0	466	304.61	2.37	0.91	3.74	10.08	5.25	4.23	4.36	19.96	21.14
9/19/2023 14:47:05	0.00	0.45	0.00	0.10	0.00	0.00	0.00	0.80	0.55	100.00	35.28	5.48	0	453	0	3	0	0	0	0	456	304.24	2.30	0.88	3.68	9.87	5.20	4.11	4.46	19.94	21.12
9/19/2023 14:47:08	0.00	0.49	0.00	0.09	0.00	0.00	0.00	0.81	0.58	100.00	36.19	5.45	0	489	0	3	0	0	0	0	491	305.00	2.29	0.90	3.76	9.93	5.26	4.13	4.55	19.91	21.11
9/19/2023 14:47:11	0.00	0.53	0.00	0.07	0.00	0.00	0.00	0.81	0.60	100.00	36.95	5.45	0	528	0	2	0	0	0	0	531	304.47	2.36	0.86	3.84	9.98	5.31	4.05	4.62	19.86	21.06
9/19/2023 14:47:14	0.00	0.53	0.00	0.08	0.00	0.00	0.00	0.81	0.61	100.00	37.93	5.42	0	527	0	2	0	0	0	0	530	303.38	2.33	0.90	3.79	10.04	5.42	4.08	4.72	19.81	21.06
9/19/2023 14:47:17	0.00	0.51	0.00	0.07	0.00	0.00	0.00	0.81	0.58	100.00	38.85	5.40	0	513	0	2	0	0	0	0	515	303.47	2.25	0.88	3.76	9.98	5.34	4.11	4.81	19.77	21.00
9/19/2023 14:47:20	0.00	0.53	0.00	0.07	0.00	0.00	0.00	0.81	0.60	100.00	39.69	5.38	0	529	0	2	0	0	0	0	531	303.76	2.26	0.81	3.79	10.00	5.40	4.12	4.89	19.72	20.95
9/19/2023 14:47:23	0.00	0.56	0.00	0.14	0.00	0.00	0.00	0.82	0.70	100.00	40.48	5.35	0	562	0	4	0	0	0	0	566	303.43	2.41	0.89	3.92	10.20	5.71	4.28	4.97	19.67	20.96
9/19/2023 14:47:26	0.00	0.55	0.00	0.15	0.00	0.00	0.00	0.83	0.71	100.00	41.25	5.28	0	554	0	5	0	0	0	0	559	303.25	2.45	0.92	3.91	10.35	5.76	4.36	5.04	19.63	20.92
9/19/2023 14:47:29	0.00	0.59	0.00	0.14	0.00	0.00	0.00	0.83	0.73	100.00	41.94	5.26	0	592	0	4	0	0	0	0	596	303.66	2.43	0.90	3.97	10.34	5.85	4.33	5.11	19.56	20.93
9/19/2023 14:47:32	0.00	0.68	0.00	0.10	0.00	0.00	0.00	0.83	0.78	100.00	42.64	5.21	0	682	0	3	0	0	0	0	685	303.26	2.33	0.91	4.05	10.37	6.08	4.23	5.18	19.51	20.87
9/19/2023 14:47:35	0.00	0.65	0.00	0.12	0.00	0.00	0.00	0.82	0.77	100.00	43.52	5.12	0	650	0	4	0	0	0	0	654	304.25	2.28	0.87	3.94	10.27	6.15	4.24	5.26	19.46	20.88
9/19/2023 14:47:37	0.00	0.67	0.00	0.20	0.00	0.00	0.00	0.82	0.86	100.00	44.17	5.05	0	665	0	6	0	0	0	0	671	303.48	2.41	0.92	4.07	10.47	6.39	4.48	5.33	19.40	20.83
9/19/2023 14:47:40	0.00	0.63	0.00	0.19	0.00	0.00	0.00	0.82	0.82	100.00	44.45	5.07	0	631	0	6	0	0	0	0	637	303.61	2.34	0.92	3.97	10.32	6.26	4.42	5.35	19.35	20.82
9/19/2023 14:47:44	0.00	0.66	0.00	0.15	0.00	0.00	0.00	0.82	0.81	100.00	44.39	5.11	0	664	0	4	0	0	0	0	668	303.63	2.31	0.87	3.94	10.30	6.33	4.25	5.35	19.28	20.77
9/19/2023 14:47:47	0.00	0.67	0.00	0.12	0.00	0.00	0.00	0.82	0.79	100.00	44.36	5.11	0	673	0	4	0	0	0	0	676	303.65	2.26	0.83	3.90	10.30	6.33	4.21	5.35	19.23	20.77
9/19/2023 14:47:50	0.00	0.66	0.00	0.13	0.00	0.00	0.00	0.82	0.80	100.00	44.35	5.12	0	663	0	4	0	0	0	0	667	303.12	2.26	0.87	3.94	10.33	6.28	4.29	5.34	19.16	20.72
9/19/2023 14:47:52	0.00	0.64	0.00	0.15	0.00	0.00	0.00	0.81	0.79	100.00	44.37	5.11	0	638	0	5	0	0	0	0	643	303.26	2.27	0.86	3.88	10.25	6.29	4.28	5.35	19.09	20.69
9/19/2023 14:47:55	0.00	0.70	0.00	0.16	0.00	0.00	0.00	0.82	0.86	100.00	44.37	5.15	0	696	0	5	0	0	0	0	700	303.46	2.30	0.89	4.07	10.35	6.42	4.38	5.35	19.03	20.64
9/19/2023 14:47:59	0.00	0.64	0.00	0.16	0.00	0.00	0.00	0.81	0.80	100.00	44.36	5.17	0	637	0	5	0	0	0	0	642	303.14	2.27	0.88	3.86	10.22	6.31	4.25	5.35	18.97	20.63
9/19/2023 14:48:01	0.00	0.70	0.00	0.10	0.00	0.00	0.00	0.81	0.80	100.00	44.37	5.14	0	699	0	3	0	0	0	0	702	303.21	2.24	0.78	3.92	10.20	6.36	4.10	5.35	18.91	20.59
9/19/2023 14:48:04	0.00	0.69	0.00	0.09	0.00	0.00	0.00	0.81	0.79	100.00	44.37	5.12	0	694	0	3	0	0	0	0	697	303.12	2.19	0.74	3.97	10.15	6.26	4.15	5.35	18.83	20.58
9/19/2023 14:48:07	0.00	0.70	0.00	0.09	0.00	0.00	0.00	0.81	0.79	100.00	44.38	5.14	0	700	0	3	0	0	0	0	702	303.41	2.23	0.76	3.99	10.12	6.22	4.09	5.35	18.77	20.48
9/19/2023 14:48:10	0.00	0.69	0.00	0.08	0.00	0.00	0.00	0.80	0.77	100.00	44.38	5.22	0	691	0	3	0	0	0	0	693	303.11	2.14	0.72	3.95	10.01	6.22	4.10	5.35	18.72	20.46
9/19/2023 14:48:13	0.00	0.66	0.00	0.14	0.00	0.00	0.00	0.82	0.81	100.00	42.83	5.20	0	662	0	4	0	0	0	0	667	303.40	2.25	0.79	3.94	10.28	6.33	4.32	5.20	18.66	20.46
9/19/2023 14:48:16	0.00	0.67	0.00	0.16	0.00	0.00	0.00	0.81	0.83	100.00	41.08	5.21	0	668	0	5	0	0	0	0	672	303.28	2.33	0.72	3.97	10.20	6.38	4.28	5.02	18.57	20.42
9/19/2023 14:48:19	0.00	0.69	0.00	0.17	0.00	0.00	0.00	0.82	0.87	100.00	39.35	5.27	0	695	0	5	0	0	0	0	700	303.30	2.44	0.77	4.04	10.35	6.48	4.28	4.85	18.51	20.37
9/19/2023 14:48:22	0.00	0.68	0.00	0.16	0.00	0.00	0.00	0.79	0.84	100.00	37.58	5.34	0	677	0	5	0	0	0	0	682	304.19	2.36	0.72	3.96	10.04	6.40	4.12	4.68	18.45	20.32
9/19/2023 14:48:25	0.00	0.67	0.00	0.20	0.00	0.00	0.00	0.77	0.87	100.00	35.82	5.42	0	668	0	6	0	0	0	0	675	304.86	2.30	0.75	3.91	9.83	6.58	4.11	4.51	18.39	20.32
9/19/2023 14:48:28	0.00	0.64	0.00	0.24	0.00	0.00	0.00	0.77	0.88	100.00	33.85	5.43	0	641	0	7	0	0	0	0	648	304.97	2.40	0.81	3.97	9.91	6.50	4.24	4.32	18.30	20.19
9/19/2023 14:48:31	0.00	0.65	0.00	0.26	0.00	0.00	0.00	0.78	0.91	100.00	32.07	5.49	0	648	0	8	0	0	0	0	656	305.08	2.46	0.77	4.03	10.01	6.56	4.36	4.14	18.25	20.17
9/19/2023 14:48:34	0.00	0.68	0.00	0.19	0.00	0.00	0.00	0.78	0.87	100.00	30.31	5.57	0	681	0	6	0	0	0	0	687	305.44	2.23	0.87	3.92	9.99	6.58	4.16	3.97	18.20	20.14
9/19/2023 14:48:37	0.00	0.68	0.00	0.23	0.00	0.00	0.00	0.78	0.91	100.00	28.46	5.71	0	679	0	7	0	0	0	0	685	305.08	2.50	0.78	4.08	10.05	6.54	4.25	3.79	18.13	20.11
9/19/2023 14:48:40	0.00	0.68	0.00	0.23	0.00	0.00	0.00	0.78	0.91	100.00	26.69	5.97	0	676	0	7	0	0	0	0	683	305.26	2.49	0.73	4.04	9.96	6.58	4.19	3.61	18.09	20.13
9/19/2023 14:48:43	0.00	0.64	0.00	0.35	0.00	0.00	0.00	0.77	0.99	100.00	24.73	6.32	0	640	0	10	0	0	0	0	651	304.60	2.65	0.78	4.08	10.07	6.78	4.46	3.42	17.99	20.03
9/19/2023 14:48:46	0.00	0.64	0.00	0.42	0.00	0.00	0.00	0.79	1.06	100.00	22.96	6.76	0	636	0	13	0	0	0	0	649	304.24	2.94	0.88	4.24	10.40	6.86	4.70	3.25	17.94	20.00
9/19/2023 14:48:49	0.00	0.62	0.00	0.59	0.00	0.00	0.00	0.80	1.21	100.00	21.14	7.26	0	624	0	18	0	0	0	0	642	304.22	3.25	1.05	4.59	10.80	7.07	5.34	3.07	17.89	19.98
9/19/2023 14:48:52	0.00	0.57	0.00	0.62	0.00	0.00	0.00	0.84	1.19	100.00	19.33	8.11	0	568	0	19	0	0	0	0	587	303.75	3.47	1.11	4.66	11.28	6.82	5.65	2.89	17.83	19.92
9/19/2023 14:48:55	0.00	0.56	0.00	0.61	0.00	0.00	0.00	0.89	1.17	100.00	17.58	9.13	0	564	0	18	0	0	0	0	582	303.54	3.84	1.11	4.73	11.84	6.66	5.70	2.72	17.79	19.87
9/19/2023 14:48:58	0.00	0.54	0.00	0.76	0.00	0.00	0.00	0.86	1.30	100.00	15.58	11.60	0	541	0	23	0	0	0	0	564	303.03	4.23	1.32	4.96	11.77	6.75	5.83	2.53	17.74	19.85
9/19/2023 14:49:01	0.00	0.57	0.00	1.06	0.00	0.00	0.00	0.84	1.63	100.00	13.79	15.11	0	571	0	32	0	0	0	0	603	302.51	5.05	1.60	5.38	12.14	7.50	6.21	2.35	17.69	19.77
9/19/2023 14:49:04	0.00	0.67	0.54	1.69	0.00	0.00	0.00	0.80	2.90	100.00	11.96	18.27	0	666	244	51	0	0	0	0	961	301.19	6.55	2.10	6.79	13.52	9.66	9.37	2.17	17.65	19.66
9/19/2023 14:49:07	0.00	0.78	1.88	1.75	0.00	0.00	0.00	0.69	4.41	100.00	10.17	19.74	0	782	848	52	0	0	0	0	1682	301.14	8.20	2.13	7.76	14.63	11.17	12.58	2.00	17.64	19.72
9/19/2023 14:49:10	0.40	0.67	1.35	2.39	0.00	0.00	0.00	0.70	4.81	100.00	8.40	19.81	211	670	609	72	0	0	0	0	1562	300.36	8.55	2.82	8.22	15.37	12.26	13.70	1.82	17.65	19.69
9/19/2023 14:49:13	0.11	1.03	2.89	1.56	0.00	0.00	0.00	0.60	5.58	100.00	6.40	19.95	58	1026	1299	47	0	0	0	0	2430	299.88	9.08	2.07	8.67	15.20	12.15	14.62	1.63	17.65	19.64
9/19/2023 14:49:16	0.00	1.02	3.23	1.54	0.00	0.00	0.00	0.57	5.79	100.00	4.62	20.01	0	1024	1452	46	0	0	0	0	2522	301.44	9.47	2.63	8.94	15.39	11.96	15.10	1.45	17.66	19.59
9/19/2023 14:49:19	1.15	0.73	1.72	1.61	0.00	0.00	0.00	0.63	5.21	100.00	2.81	20.01	609	726	773	48	0	0	0	0	2157	301.64	7.62	3.27	8.18	15.09	10.62	13.93	1.27	17.65	19.58
9/19/2023 14:49:22	0.95	0.25	2.60	1.66	0.00	0.00	0.00	0.25	5.47	100.00	1.01	20.07	503	252	1172	50	0	0	0	0	1977	301.45	8.02	2.51	7.05	11.42	10.16	13.65	1.10	17.66	19.50
9/19/2023 14:49:25	0.17	1.00	4.27	0.00	0.00	0.00	0.00	0.09	5.45	100.00	-0.11	20.23	92	1003	1924	0	0	0	0	0	3019	307.55	6.94	3.07	9.21	9.11	6.00	11.68	0.99	17.62	19.42
9/19/2023 14:49:28	0.68	0.00	0.00	2.76	0.00	0.00	0.00	0.38	3.44	100.00	-0.06	20.32	360	0	0	83	0	0	0	0	442	299.75	6.20	0.65	4.85	9.55	12.18	9.77	0.99	17.64	19.40
9/19/2023 14:49:31	0.54	1.98	3.32	0.00	0.00	0.00	0.00	0.46	5.84	100.00	-0.06	20.22	289	1983	1493	0	0	0	0	0	3765	301.88	7.26	-2.17	10.51	12.90	10.48	12.24	0.99	17.65	19.42
9/19/2023 14:49:34	0.00	0.18	2.06	1.96	0.00	0.00	0.00	0.53	4.19	100.00	-0.04	20.21	0	176	925	59	0	0	0	0	1161	295.44	8.02	6.82	7.80	13.11	7.72	12.43	1.00	17.64	19.38
9/19/2023 14:49:37	0.37	0.00	0.00	2.53	0.00	0.00	0.00	1.14	2.90	100.00	0.03	20.21	196	0	0	76	0	0	0	0	272	292.51	7.21	4.06	5.82	18.18	10.07	13.11	1.00	17.66	19.35
9/19/2023 14:49:40	0.00	1.50	2.86	0.60	0.00	0.00	0.00	0.55	4.96	100.00	0.12	20.31	0	1498	1286	18	0	0	0	0	2802	300.70	9.19	0.55	8.76	13.42	10.32	10.65	1.01	17.67	19.34
9/19/2023 14:49:43	0.58	1.08	2.05	0.00	0.00	0.00	0.00	0.82	3.72	100.00	0.73	20.31	310	1082	922	0	0	0	0	0	2314	304.76	5.50	-1.02	7.46	14.71	7.76	11.07	1.07	17.68	19.26
9/19/2023 14:49:46	0.57	0.33	1.00	2.21	0.00	0.00	0.00	0.72	4.11	100.00	1.34	20.33	304	331	448	66	0	0	0	0	1150	304.46	7.64	1.49	6.68	14.68	11.49	12.77	1.13	17.70	19.26
9/19/2023 14:49:49	0.59	1.75	1.06	1.14	0.00	0.00	0.00	1.03	4.54	100.00	2.20	20.36	311	1749	476	34	0	0	0	0	2571	302.78	6.75	3.47	9.86	17.78	11.35	12.43	1.21	17.74	19.21
9/19/2023 14:49:52	0.00	0.30	2.73	1.31	0.00	0.00	0.00	0.54	4.34	100.00	2.99	20.37	0	305	1228	39	0	0	0	0	1572	302.69	8.24	2.59	6.65	13.43	8.92	12.71	1.29	17.74	19.21
9/19/2023 14:49:55	0.00	0.67	2.93	1.21	0.00	0.00	0.00	0.65	4.81	100.00	3.69	20.34	0	670	1319	36	0	0	0	0	2026	302.26	8.38	4.09	7.97	15.14	9.14	13.82	1.36	17.79	19.22
9/19/2023 14:49:58	0.00	0.21	2.22	2.25	0.00	0.00	0.00	0.73	4.68	100.00	4.58	20.28	0	213	998	67	0	0	0	0	1279	302.89	9.71	2.58	7.22	16.28	11.14	14.71	1.45	17.81	19.19
9/19/2023 14:50:01	0.00	0.66	2.85	1.68	0.00	0.00	0.00	0.68	5.19	100.00	5.38	20.31	0	662	1281	51	0	0	0	0	1993	302.36	9.92	2.39	8.08	16.17	11.06	14.61	1.53	17.84	19.17
9/19/2023 14:50:04	0.06	0.41	3.36	1.47	0.00	0.00	0.00	0.63	5.30	100.00	6.59	20.32	33	406	1511	44	0	0	0	0	1993	300.92	9.30	2.64	7.39	15.90	10.46	15.67	1.64	17.89	19.09
9/19/2023 14:50:06	0.00	1.41	2.78	2.00	0.00	0.00	0.00	0.60	6.20	100.00	7.28	20.31	0	1411	1253	60	0	0	0	0	2724	301.56	10.01	3.33	10.41	15.87	13.46	15.15	1.71	17.89	19.09
9/19/2023 14:50:09	0.00	0.84	3.73	1.01	0.00	0.00	0.00	0.65	5.58	100.00	8.01	20.28	0	845	1676	30	0	0	0	0	2552	302.02	9.35	2.74	8.26	16.33	10.38	15.52	1.78	17.99	19.17
9/19/2023 14:50:13	0.00	0.85	3.38	0.95	0.00	0.00	0.00	0.67	5.18	100.00	9.12	20.31	0	848	1521	28	0	0	0	0	2398	302.10	8.67	2.36	7.89	15.75	10.20	14.58	1.89	17.99	19.11
9/19/2023 14:50:16	0.00	0.75	3.04	1.24	0.00	0.00	0.00	0.63	5.03	100.00	10.15	20.32	0	752	1369	37	0	0	0	0	2158	302.02	9.00	2.82	7.99	15.24	10.02	13.93	1.99	18.06	19.11
9/19/2023 14:50:18	0.00	0.75	2.72	1.27	0.00	0.00	0.00	0.68	4.74	100.00	11.09	20.27	0	751	1226	38	0	0	0	0	2014	302.06	8.44	2.59	7.74	15.26	10.15	13.60	2.09	18.11	19.16
9/19/2023 14:50:21	0.00	0.82	2.59	1.10	0.00	0.00	0.00	0.70	4.51	100.00	12.01	20.27	0	818	1167	33	0	0	0	0	2018	301.79	8.13	2.42	7.65	15.05	9.80	12.90	2.18	18.16	19.14
9/19/2023 14:50:24	0.00	0.77	2.16	0.90	0.00	0.00	0.00	0.73	3.84	100.00	12.91	20.05	0	773	972	27	0	0	0	0	1772	302.06	7.21	2.06	7.02	14.29	8.98	11.40	2.26	18.21	19.03
9/19/2023 14:50:27	0.00	0.54	0.97	1.10	0.00	0.00	0.00	0.85	2.61	100.00	13.75	18.94	0	538	436	33	0	0	0	0	1007	302.34	6.29	1.94	6.07	13.97	8.06	9.26	2.35	18.28	19.13
9/19/2023 14:50:30	0.00	0.40	0.10	1.53	0.00	0.00	0.00	0.88	2.03	100.00	14.63	17.26	0	398	46	46	0	0	0	0	490	303.06	6.08	2.17	5.85	13.43	8.03	7.98	2.43	18.31	19.11
9/19/2023 14:50:33	0.00	0.39	0.00	1.00	0.00	0.00	0.00	0.86	1.39	100.00	15.50	15.80	0	393	0	30	0	0	0	0	423	304.04	5.01	1.65	4.92	12.17	6.79	6.05	2.52	18.37	19.09
9/19/2023 14:50:36	0.00	0.39	0.00	0.78	0.00	0.00	0.00	0.87	1.18	100.00	16.47	13.67	0	394	0	23	0	0	0	0	418	303.55	4.44	1.45	4.64	11.96	6.37	5.78	2.61	18.41	19.08
9/19/2023 14:50:39	0.00	0.37	0.00	0.66	0.00	0.00	0.00	0.91	1.03	100.00	17.20	12.13	0	372	0	20	0	0	0	0	392	302.92	4.13	1.29	4.37	12.23	6.18	5.80	2.68	18.46	19.13
9/19/2023 14:50:42	0.00	0.27	0.00	0.69	0.00	0.00	0.00	0.91	0.97	100.00	18.22	10.79	0	275	0	21	0	0	0	0	295	303.64	4.10	1.20	4.24	12.12	5.97	5.97	2.78	18.48	19.16
9/19/2023 14:50:45	0.00	0.32	0.00	0.54	0.00	0.00	0.00	0.91	0.86	100.00	18.88	9.88	0	324	0	16	0	0	0	0	340	303.23	3.69	1.06	4.14	11.91	5.79	5.72	2.85	18.52	19.16
9/19/2023 14:50:48	0.00	0.40	0.00	0.64	0.00	0.00	0.00	0.90	1.04	100.00	19.67	9.39	0	401	0	19	0	0	0	0	420	303.81	3.81	1.16	4.45	11.94	6.25	5.95	2.93	18.53	19.16
9/19/2023 14:50:51	0.00	0.43	0.00	0.59	0.00	0.00	0.00	0.90	1.03	100.00	20.45	8.76	0	433	0	18	0	0	0	0	451	303.84	3.72	1.13	4.41	11.88	6.28	5.79	3.00	18.56	19.16
9/19/2023 14:50:54	0.00	0.49	0.00	0.57	0.00	0.00	0.00	0.88	1.07	100.00	21.28	8.22	0	495	0	17	0	0	0	0	512	304.36	3.46	1.11	4.26	11.64	6.74	5.56	3.08	18.59	19.17
9/19/2023 14:50:57	0.00	0.50	0.00	0.62	0.00	0.00	0.00	0.84	1.12	100.00	22.10	7.80	0	503	0	19	0	0	0	0	521	304.04	3.26	1.05	4.16	11.27	7.09	5.53	3.16	18.59	19.16
9/19/2023 14:51:00	0.00	0.49	0.00	0.56	0.00	0.00	0.00	0.83	1.04	100.00	22.80	7.45	0	489	0	17	0	0	0	0	506	304.66	3.17	1.02	4.01	11.08	6.92	5.26	3.23	18.61	19.17
9/19/2023 14:51:03	0.00	0.50	0.00	0.56	0.00	0.00	0.00	0.82	1.07	100.00	23.46	7.25	0	502	0	17	0	0	0	0	519	304.39	3.16	1.01	4.08	10.92	6.92	5.23	3.30	18.62	19.19
9/19/2023 14:51:06	0.00	0.49	0.00	0.52	0.00	0.00	0.00	0.82	1.00	100.00	24.21	7.11	0	487	0	15	0	0	0	0	502	304.87	3.07	0.95	3.95	10.91	6.82	5.13	3.37	18.63	19.21
9/19/2023 14:51:09	0.00	0.59	0.00	0.37	0.00	0.00	0.00	0.83	0.97	100.00	24.90	6.92	0	592	0	11	0	0	0	0	603	305.03	2.84	0.86	4.04	10.81	6.74	4.84	3.44	18.66	19.19
9/19/2023 14:51:12	0.00	0.58	0.00	0.29	0.00	0.00	0.00	0.82	0.86	100.00	25.69	6.62	0	577	0	9	0	0	0	0	585	305.33	2.62	0.76	3.87	10.50	6.51	4.57	3.52	18.66	19.17
9/19/2023 14:51:15	0.00	0.59	0.00	0.23	0.00	0.00	0.00	0.81	0.82	100.00	26.56	6.43	0	592	0	7	0	0	0	0	599	305.30	2.51	0.79	3.84	10.30	6.37	4.35	3.60	18.67	19.22
9/19/2023 14:51:18	0.00	0.58	0.00	0.22	0.00	0.00	0.00	0.81	0.80	100.00	27.35	6.32	0	580	0	7	0	0	0	0	586	305.16	2.58	0.70	3.81	10.27	6.29	4.29	3.68	18.68	19.17
9/19/2023 14:51:21	0.00	0.57	0.00	0.22	0.00	0.00	0.00	0.81	0.80	100.00	28.00	6.29	0	574	0	7	0	0	0	0	581	305.53	2.43	0.77	3.76	10.24	6.35	4.33	3.74	18.68	19.17
9/19/2023 14:51:24	0.00	0.59	0.00	0.20	0.00	0.00	0.00	0.80	0.79	100.00	28.61	6.15	0	591	0	6	0	0	0	0	597	305.70	2.46	0.67	3.84	10.11	6.24	4.26	3.80	18.68	19.21
9/19/2023 14:51:27	0.00	0.49	0.00	0.13	0.00	0.00	0.00	0.83	0.63	100.00	29.36	5.95	0	491	0	4	0	0	0	0	495	305.65	2.47	0.77	3.80	10.28	5.47	4.34	3.88	18.68	19.17
9/19/2023 14:51:30	0.00	0.48	0.00	0.06	0.00	0.00	0.00	0.83	0.53	100.00	29.97	5.84	0	478	0	2	0	0	0	0	480	305.36	2.39	0.73	3.76	10.11	5.12	4.15	3.94	18.66	19.16
9/19/2023 14:51:33	0.00	0.48	0.00	0.11	0.00	0.00	0.00	0.83	0.59	100.00	30.58	5.76	0	482	0	3	0	0	0	0	486	305.67	2.50	0.77	3.85	10.21	5.23	4.28	4.00	18.66	19.16
9/19/2023 14:51:36	0.00	0.48	0.00	0.09	0.00	0.00	0.00	0.81	0.57	100.00	31.16	5.70	0	482	0	3	0	0	0	0	485	306.17	2.43	0.72	3.80	10.00	5.21	4.15	4.05	18.64	19.19
9/19/2023 14:51:39	0.00	0.57	0.00	0.13	0.00	0.00	0.00	0.81	0.71	100.00	31.95	5.64	0	573	0	4	0	0	0	0	577	306.20	2.39	0.71	3.90	10.15	5.80	4.28	4.13	18.62	19.19
9/19/2023 14:51:42	0.00	1.06	0.00	0.21	0.00	0.00	0.00	0.81	1.27	100.00	32.76	5.60	0	1060	0	6	0	0	0	0	1066	305.75	2.67	0.93	5.25	10.50	7.17	4.53	4.21	18.61	19.17
9/19/2023 14:51:45	0.00	0.61	0.00	0.24	0.00	0.00	0.00	0.80	0.84	100.00	33.58	5.59	0	606	0	7	0	0	0	0	613	306.00	2.46	0.68	3.83	10.22	6.52	4.36	4.29	18.59	19.19
9/19/2023 14:51:48	0.00	0.59	0.00	0.21	0.00	0.00	0.00	0.79	0.79	100.00	34.54	5.54	0	587	0	6	0	0	0	0	593	306.10	2.44	0.74	3.83	10.05	6.25	4.23	4.38	18.56	19.16
9/19/2023 14:51:51	0.00	0.58	0.00	0.17	0.00	0.00	0.00	0.80	0.75	100.00	35.37	5.46	0	580	0	5	0	0	0	0	585	306.49	2.34	0.71	3.85	10.03	6.07	4.29	4.46	18.53	19.16
9/19/2023 14:51:54	0.00	0.54	0.00	0.07	0.00	0.00	0.00	0.82	0.61	100.00	36.16	5.46	0	539	0	2	0	0	0	0	541	306.12	2.39	0.72	3.89	10.10	5.35	4.18	4.54	18.52	19.14
9/19/2023 14:51:57	0.00	0.54	0.00	0.01	0.00	0.00	0.00	0.82	0.55	100.00	37.03	5.45	0	540	0	0	0	0	0	0	541	305.89	2.18	0.63	3.75	10.03	5.34	4.08	4.63	18.45	19.11
9/19/2023 14:52:00	0.00	0.54	0.00	0.02	0.00	0.00	0.00	0.83	0.56	100.00	37.79	5.41	0	541	0	0	0	0	0	0	542	305.99	2.18	0.63	3.74	10.09	5.38	4.12	4.70	18.45	19.09
9/19/2023 14:52:03	0.00	0.56	0.00	0.02	0.00	0.00	0.00	0.82	0.58	100.00	38.51	5.38	0	564	0	0	0	0	0	0	564	305.35	2.20	0.61	3.83	9.95	5.38	4.06	4.77	18.41	19.05
9/19/2023 14:52:06	0.00	0.57	0.00	0.06	0.00	0.00	0.00	0.82	0.63	100.00	39.31	5.36	0	565	0	2	0	0	0	0	567	305.55	2.24	0.64	3.81	10.04	5.59	4.15	4.85	18.35	19.08
9/19/2023 14:52:09	0.00	0.66	0.00	0.07	0.00	0.00	0.00	0.81	0.73	100.00	40.14	5.33	0	660	0	2	0	0	0	0	662	305.53	2.20	0.70	3.92	10.09	6.04	4.12	4.93	18.31	19.08
9/19/2023 14:52:12	0.00	0.66	0.00	0.18	0.00	0.00	0.00	0.81	0.84	100.00	40.81	5.31	0	659	0	5	0	0	0	0	665	304.97	2.36	0.71	3.98	10.25	6.41	4.36	5.00	18.29	19.05
9/19/2023 14:52:15	0.00	0.68	0.00	0.17	0.00	0.00	0.00	0.82	0.84	100.00	41.53	5.32	0	678	0	5	0	0	0	0	683	305.08	2.40	0.61	3.95	10.41	6.52	4.36	5.07	18.24	19.03
9/19/2023 14:52:18	0.00	0.70	0.00	0.14	0.00	0.00	0.00	0.83	0.83	100.00	42.23	5.26	0	698	0	4	0	0	0	0	702	305.03	2.31	0.64	4.01	10.48	6.46	4.42	5.14	18.19	18.97
9/19/2023 14:52:21	0.00	0.72	0.00	0.11	0.00	0.00	0.00	0.83	0.83	100.00	42.48	5.22	0	721	0	3	0	0	0	0	724	305.50	2.29	0.67	4.07	10.36	6.37	4.30	5.16	18.15	18.97
9/19/2023 14:52:24	0.00	0.69	0.00	0.12	0.00	0.00	0.00	0.82	0.81	100.00	42.78	5.22	0	689	0	4	0	0	0	0	693	305.39	2.25	0.70	3.94	10.28	6.40	4.25	5.19	18.09	18.95
9/19/2023 14:52:27	0.00	0.69	0.00	0.11	0.00	0.00	0.00	0.83	0.80	100.00	43.73	5.12	0	687	0	3	0	0	0	0	691	305.80	2.26	0.63	3.95	10.34	6.37	4.29	5.28	18.05	18.88
9/19/2023 14:52:30	0.00	0.74	0.00	0.18	0.00	0.00	0.00	0.83	0.92	100.00	44.15	5.07	0	742	0	5	0	0	0	0	748	305.14	2.42	0.72	4.22	10.58	6.61	4.54	5.33	17.99	18.87
9/19/2023 14:52:33	0.00	0.69	0.00	0.14	0.00	0.00	0.00	0.83	0.83	100.00	44.09	5.11	0	686	0	4	0	0	0	0	691	305.33	2.34	0.67	4.00	10.44	6.43	4.39	5.32	17.94	18.90
9/19/2023 14:52:36	0.00	0.69	0.00	0.15	0.00	0.00	0.00	0.82	0.84	100.00	44.12	5.12	0	687	0	5	0	0	0	0	691	305.24	2.42	0.67	4.00	10.38	6.43	4.30	5.32	17.89	18.85
9/19/2023 14:52:38	0.00	0.68	0.00	0.12	0.00	0.00	0.00	0.83	0.80	100.00	44.10	5.10	0	685	0	4	0	0	0	0	688	305.38	2.29	0.64	3.98	10.45	6.35	4.38	5.32	17.85	18.82
9/19/2023 14:52:42	0.00	0.71	0.00	0.15	0.00	0.00	0.00	0.82	0.86	100.00	44.08	5.12	0	710	0	5	0	0	0	0	714	305.53	2.40	0.68	4.09	10.32	6.44	4.31	5.32	17.79	18.76
9/19/2023 14:52:45	0.00	0.68	0.00	0.12	0.00	0.00	0.00	0.83	0.79	100.00	43.51	5.12	0	677	0	3	0	0	0	0	680	305.16	2.28	0.62	3.94	10.45	6.35	4.36	5.26	17.72	18.74
9/19/2023 14:52:48	0.00	0.69	0.00	0.13	0.00	0.00	0.00	0.82	0.81	100.00	41.79	5.20	0	688	0	4	0	0	0	0	692	305.53	2.29	0.64	3.97	10.32	6.40	4.30	5.09	17.68	18.72
9/19/2023 14:52:50	0.00	0.72	0.00	0.15	0.00	0.00	0.00	0.82	0.87	100.00	40.07	5.28	0	716	0	4	0	0	0	0	720	305.41	2.34	0.64	4.01	10.32	6.58	4.28	4.93	17.63	18.69
9/19/2023 14:52:53	0.00	0.70	0.00	0.15	0.00	0.00	0.00	0.81	0.85	100.00	38.36	5.34	0	701	0	5	0	0	0	0	706	305.57	2.31	0.71	4.01	10.27	6.50	4.29	4.76	17.59	18.64
9/19/2023 14:52:57	0.00	0.71	0.00	0.10	0.00	0.00	0.00	0.80	0.81	100.00	36.43	5.38	0	709	0	3	0	0	0	0	712	306.38	2.20	0.62	3.98	10.04	6.36	4.11	4.57	17.51	18.69
9/19/2023 14:52:59	0.00	0.66	0.00	0.18	0.00	0.00	0.00	0.79	0.84	100.00	34.69	5.43	0	657	0	5	0	0	0	0	663	307.12	2.36	0.64	3.86	10.05	6.52	4.16	4.40	17.46	18.63
9/19/2023 14:53:02	0.00	0.67	0.00	0.21	0.00	0.00	0.00	0.80	0.88	100.00	32.93	5.49	0	666	0	6	0	0	0	0	672	306.95	2.45	0.69	3.99	10.23	6.54	4.33	4.23	17.41	18.58
9/19/2023 14:53:05	0.00	0.68	0.00	0.22	0.00	0.00	0.00	0.81	0.91	100.00	31.14	5.55	0	684	0	7	0	0	0	0	691	306.98	2.48	0.79	4.11	10.36	6.54	4.45	4.05	17.36	18.53
9/19/2023 14:53:08	0.00	0.71	0.00	0.16	0.00	0.00	0.00	0.81	0.87	100.00	29.37	5.66	0	706	0	5	0	0	0	0	711	307.05	2.35	0.71	4.04	10.24	6.52	4.28	3.88	17.32	18.51
9/19/2023 14:53:11	0.00	0.70	0.00	0.23	0.00	0.00	0.00	0.80	0.92	100.00	27.41	5.93	0	695	0	7	0	0	0	0	702	307.22	2.52	0.74	4.09	10.29	6.64	4.36	3.68	17.25	18.45
9/19/2023 14:53:14	0.00	0.67	0.00	0.21	0.00	0.00	0.00	0.82	0.88	100.00	25.62	6.20	0	670	0	6	0	0	0	0	676	306.79	2.53	0.71	3.99	10.43	6.58	4.37	3.51	17.20	18.47
9/19/2023 14:53:17	0.00	0.69	0.00	0.36	0.00	0.00	0.00	0.81	1.05	100.00	23.80	6.49	0	685	0	11	0	0	0	0	696	307.16	2.81	0.87	4.26	10.60	6.91	4.71	3.33	17.13	18.40
9/19/2023 14:53:20	0.00	0.65	0.00	0.55	0.00	0.00	0.00	0.81	1.20	100.00	21.98	6.98	0	650	0	16	0	0	0	0	666	306.92	3.18	1.00	4.44	10.88	7.24	5.17	3.15	17.08	18.37
9/19/2023 14:53:23	0.00	0.68	0.00	0.61	0.00	0.00	0.00	0.83	1.29	100.00	20.23	7.52	0	684	0	18	0	0	0	0	703	306.42	3.36	0.99	4.65	11.25	7.46	5.50	2.98	17.04	18.39
9/19/2023 14:53:26	0.00	0.71	0.00	0.75	0.00	0.00	0.00	0.87	1.46	100.00	18.26	8.67	0	713	0	22	0	0	0	0	735	306.16	3.84	1.26	4.84	12.03	7.94	5.87	2.79	17.00	18.30
9/19/2023 14:53:29	0.00	0.67	0.00	0.80	0.00	0.00	0.00	0.88	1.47	100.00	16.47	10.47	0	668	0	24	0	0	0	0	692	305.31	4.15	1.24	4.93	12.19	7.76	5.99	2.61	16.96	18.39
9/19/2023 14:53:32	0.00	0.65	0.00	0.91	0.00	0.00	0.00	0.85	1.56	100.00	14.70	13.32	0	650	0	27	0	0	0	0	678	305.43	4.39	1.37	4.96	12.10	7.99	5.96	2.44	16.93	18.24
9/19/2023 14:53:35	0.00	0.79	0.00	1.40	0.00	0.00	0.00	0.86	2.19	100.00	12.91	16.26	0	795	0	42	0	0	0	0	837	304.88	5.62	1.74	5.98	13.06	9.45	7.05	2.26	16.90	18.21
9/19/2023 14:53:38	0.00	0.71	0.81	1.84	0.00	0.00	0.00	0.75	3.36	100.00	11.13	18.54	0	712	365	55	0	0	0	0	1132	303.97	6.86	2.33	7.19	13.64	10.38	10.34	2.09	16.88	18.19
9/19/2023 14:53:41	0.00	0.86	2.25	1.59	0.00	0.00	0.00	0.67	4.71	100.00	9.15	19.64	0	865	1014	48	0	0	0	0	1927	303.33	8.23	2.18	7.96	14.76	11.29	13.19	1.90	16.88	18.13
9/19/2023 14:53:44	0.00	0.75	2.76	2.09	0.00	0.00	0.00	0.60	5.60	100.00	7.36	19.91	0	752	1240	63	0	0	0	0	2055	302.47	9.78	2.73	8.62	15.56	12.41	15.26	1.72	16.89	18.11
9/19/2023 14:53:47	1.01	0.75	2.55	1.98	0.00	0.00	0.00	0.44	6.30	100.00	5.59	20.06	538	750	1150	59	0	0	0	0	2497	303.07	9.29	2.62	8.79	14.59	12.41	15.59	1.55	16.88	18.10
9/19/2023 14:53:50	1.67	0.53	1.55	2.04	0.00	0.00	0.00	0.72	5.79	100.00	3.86	20.12	886	527	699	61	0	0	0	0	2174	302.11	8.58	2.56	8.13	17.27	11.95	16.08	1.38	16.89	18.01
9/19/2023 14:53:53	0.00	0.83	2.26	2.05	0.00	0.00	0.00	0.58	5.13	100.00	2.12	20.02	0	833	1015	61	0	0	0	0	1909	302.80	9.33	1.97	8.36	14.51	12.32	13.57	1.21	16.91	18.00
9/19/2023 14:53:56	4.19	1.34	0.00	1.25	0.00	0.00	0.00	0.29	6.79	100.00	0.22	20.13	2223	1342	0	38	0	0	0	0	3602	303.37	4.96	2.22	9.42	12.01	11.77	12.68	1.02	16.90	18.00
9/19/2023 14:53:59	0.00	2.71	0.00	0.42	0.00	0.00	0.00	1.33	3.13	100.00	-0.02	20.22	0	2706	0	13	0	0	0	0	2718	282.15	8.81	1.33	10.97	18.81	10.06	6.04	1.00	16.89	17.95
9/19/2023 14:54:02	1.50	0.30	2.15	0.00	0.00	0.00	0.00	0.80	3.95	100.00	-0.05	20.21	794	302	968	0	0	0	0	0	2064	294.04	5.42	0.52	6.01	15.58	6.05	12.95	0.99	16.90	17.89
9/19/2023 14:54:05	2.93	0.78	0.00	0.78	0.00	0.00	0.00	0.44	4.49	100.00	0.05	20.21	1553	778	0	23	0	0	0	0	2354	284.22	2.60	-0.06	5.24	10.89	11.24	9.96	1.00	16.92	17.85
9/19/2023 14:54:08	0.00	0.12	0.00	2.48	0.00	0.00	0.00	1.14	2.60	100.00	0.04	20.26	0	117	0	75	0	0	0	0	192	295.70	7.33	6.18	5.38	18.43	10.52	10.50	1.00	16.96	17.84
9/19/2023 14:54:11	0.00	1.19	0.00	0.58	0.00	0.00	0.00	1.23	1.77	100.00	0.03	20.31	0	1186	0	17	0	0	0	0	1203	290.97	4.31	4.32	5.84	16.93	8.59	6.84	1.00	16.96	17.76
9/19/2023 14:54:14	4.39	1.93	1.09	0.00	0.00	0.00	0.00	0.25	7.41	100.00	0.10	20.27	2328	1926	490	0	0	0	0	0	4743	299.72	4.93	-1.25	13.39	12.22	7.29	12.80	1.01	16.99	17.85
9/19/2023 14:54:17	0.00	0.00	0.99	1.89	0.00	0.00	0.00	0.00	2.88	89.14	-0.26	20.03	0	0	448	57	0	0	0	0	504	226.08	8.02	-0.77	5.41	0.84	8.31	7.31	0.97	16.99	17.84
9/19/2023 14:54:20	0.14	1.59	0.00	0.00	0.00	0.00	0.00	0.00	1.74	80.36	-0.37	19.41	75	1594	0	0	0	0	0	0	1669	203.83	-0.74	8.74	8.91	-1.29	2.97	1.38	0.96	17.01	17.77
9/19/2023 14:54:23	0.00	0.08	0.50	0.00	0.00	0.00	0.00	0.00	0.58	93.35	-0.37	18.84	0	81	225	0	0	0	0	0	307	236.76	4.00	-4.00	4.48	-2.29	2.18	0.88	0.96	17.04	17.81
9/19/2023 14:54:26	0.14	0.95	0.00	0.00	0.00	0.00	0.00	0.00	1.09	100.00	-0.37	18.22	72	955	0	0	0	0	0	0	1027	297.93	-5.76	-2.62	8.41	-1.35	3.17	1.78	0.96	17.07	17.79
9/19/2023 14:54:29	0.00	0.00	0.00	0.20	0.00	0.00	0.00	0.00	0.20	65.64	-0.36	17.96	0	0	0	6	0	0	0	0	6	166.49	-0.31	-2.56	1.65	-4.70	5.86	2.94	0.96	17.11	17.77
9/19/2023 14:54:32	0.00	0.00	0.63	0.97	0.00	0.00	0.00	0.00	1.60	90.79	-0.35	17.83	0	0	283	29	0	0	0	0	312	230.27	2.73	3.84	4.73	-3.52	4.51	7.11	0.96	17.12	17.74
9/19/2023 14:54:35	0.00	1.63	0.00	0.00	0.00	0.00	0.00	0.09	1.63	88.55	-0.36	17.70	0	1628	0	0	0	0	0	0	1628	224.58	-0.17	5.15	6.10	3.45	6.42	-3.88	0.96	17.20	17.76
9/19/2023 14:54:38	0.00	1.06	0.00	0.00	0.00	0.00	0.00	0.00	1.06	74.07	-0.35	17.52	0	1065	0	0	0	0	0	0	1065	187.87	-3.00	-2.81	4.82	-2.57	7.83	-2.30	0.96	17.22	17.81
9/19/2023 14:54:41	0.00	0.00	0.00	0.00	0.00	0.00	0.00	0.00	0.00	84.37	-0.34	17.21	0	0	0	0	0	0	0	0	0	214.00	0.03	-8.01	4.91	-7.72	-9.38	-15.22	0.97	17.25	17.81
9/19/2023 14:54:44	0.00	2.96	0.00	0.00	0.00	0.00	0.00	0.00	2.96	97.69	-0.34	16.92	0	2961	0	0	0	0	0	0	2961	247.75	0.88	-7.63	15.16	-9.24	7.70	5.87	0.97	17.30	17.76
9/19/2023 14:54:47	0.00	3.20	0.00	0.00	0.00	0.00	0.00	0.39	3.20	100.00	-0.34	16.65	0	3203	0	0	0	0	0	0	3203	257.81	0.28	-0.70	12.27	13.39	8.54	-12.51	0.97	17.32	17.77
9/19/2023 14:54:50	0.00	2.87	0.00	0.00	0.00	0.00	0.00	0.44	2.87	99.31	-0.34	16.56	0	2868	0	0	0	0	0	0	2868	251.86	-4.57	-0.10	3.02	10.06	19.56	-4.30	0.97	17.37	17.72
9/19/2023 14:54:53	0.00	4.10	0.00	0.00	0.00	0.00	0.00	0.00	4.10	99.29	-0.34	16.50	0	4097	0	0	0	0	0	0	4097	251.82	6.02	-4.67	15.15	-5.43	12.25	-10.46	0.97	17.42	17.76
