"TOA5","OwascoWinchDirect","CR1000","57852","CR1000.Std.26","CPU:Owasco 44.cr1","23139","SondeHourly"
"TIMESTAMP","RECORD","sensorParms(1)","sensorParms(2)","sensorParms(3)","sensorParms(4)","sensorParms(5)","sensorParms(6)","sensorParms(7)","sensorParms(8)","sensorParms(9)","sensorParms(10)"
"TS","RN","","","","","","","","","",""
"","","Smp","Smp","Smp","Smp","Smp","Smp","Smp","Smp","Smp","Smp"
"2020-10-21 07:55:00",8265,6.48,43.86,338.92,-2.71,-0.13,63.26,7.77,0.36,6.05,9.75
"2020-10-21 08:55:00",8266,6.51,43.87,338.77,-2.87,-0.1,63.45,7.79,0.33,6.05,9.7
"2020-10-21 09:55:00",8267,6.56,43.86,338.63,-2.99,-0.13,63.65,7.8,0.29,6.05,10.54
"2020-10-21 10:55:00",8268,6.59,43.86,338.47,-2.92,-0.19,63.73,7.81,0.32,6.05,10.29
"2020-10-21 11:55:00",8269,6.6,43.85,338.53,-2.9,-0.12,63.75,7.81,0.3,6.05,10.47
"2020-10-21 12:55:00",8270,6.58,43.92,338.5,-2.92,-0.16,64.15,7.86,0.29,6.05,10.5
"2020-10-21 13:55:00",8271,6.54,43.91,338.64,-2.88,-0.14,63.73,7.82,0.35,6.05,10.29
"2020-10-21 14:55:00",8272,6.5,43.9,338.87,-2.86,-0.11,63.41,7.79,0.34,6.05,10.32
"2020-10-21 15:55:00",8273,6.47,43.91,339.05,-2.63,-0.13,63.12,7.76,0.31,6.05,10.13
"2020-10-21 16:55:00",8274,6.47,43.92,339.05,-2.73,-0.1,63.05,7.75,0.32,6.05,10.06
"2020-10-21 17:55:00",8275,6.45,43.93,339.21,-2.58,-0.17,62.58,7.7,0.29,6.05,10.05
"2020-10-21 18:55:00",8276,6.43,43.95,339.36,-2.43,-0.18,62.46,7.68,0.33,6.05,10.03
"2020-10-21 19:55:00",8277,6.43,43.96,339.4,-2.45,-0.14,62.24,7.66,0.35,6.05,9.93
"2020-10-21 20:55:00",8278,6.42,43.96,339.45,-2.19,-0.14,62.07,7.64,0.34,6.05,9.92
"2020-10-21 21:55:00",8279,6.41,43.97,339.54,-2.14,-0.16,61.84,7.61,0.34,6.05,9.81
"2020-10-21 22:55:00",8280,6.41,43.97,339.54,-2.19,-0.14,61.9,7.62,0.33,6.05,9.72
"2020-10-21 23:55:00",8281,6.42,43.97,339.46,-2.12,-0.16,62.02,7.63,0.32,6.05,9.82
"2020-10-22 00:55:00",8282,6.44,43.92,339.42,-2.19,-0.13,62.62,7.7,0.33,6.05,9.78
"2020-10-22 01:55:00",8283,6.45,43.94,339.37,-2.21,-0.18,62.26,7.65,0.34,6.05,9.79
"2020-10-22 02:55:00",8284,6.46,43.94,339.29,-2.36,-0.16,62.43,7.67,0.35,6.05,9.81
"2020-10-22 03:55:00",8285,6.47,43.94,339.17,-2.39,-0.17,62.41,7.67,0.34,6.05,9.81
"2020-10-22 04:55:00",8286,6.51,43.94,338.95,-2.6,-0.19,62.53,7.68,0.32,6.05,9.76
"2020-10-22 05:55:00",8287,6.55,43.94,338.84,-2.6,-0.16,63.02,7.73,0.31,6.05,9.79
"2020-10-22 06:55:00",8288,6.55,43.94,338.73,-2.73,-0.16,63.27,7.76,0.31,6.05,9.73
"2020-10-22 07:55:00",8289,6.53,43.93,338.85,-2.38,-0.13,63.04,7.73,0.31,6.05,9.75
"2020-10-22 08:55:00",8290,6.47,43.93,339.18,-2.48,-0.15,62.64,7.7,0.34,6.05,9.79
"2020-10-22 09:55:00",8291,6.47,43.94,339.26,-2.53,-0.19,62.45,7.67,0.31,6.05,9.78
"2020-10-22 10:55:00",8292,6.48,43.94,339.14,-2.43,-0.16,62.65,7.7,0.32,6.05,9.91
"2020-10-22 11:55:00",8293,6.47,43.93,339.18,-2.66,-0.16,62.45,7.67,0.33,6.05,10.17
"2020-10-22 12:55:00",8294,6.44,43.94,339.42,-2.55,-0.15,63.05,7.75,0.3,6.05,10.15
"2020-10-22 13:55:00",8295,6.46,43.94,339.23,-2.61,-0.19,62.38,7.67,0.32,6.05,10.37
"2020-10-22 14:55:00",8296,6.48,43.93,339.03,-2.54,-0.17,62.79,7.72,0.34,6.05,10.33
"2020-10-22 15:55:00",8297,6.46,43.93,339.22,-2.49,-0.14,62.69,7.71,0.34,6.05,10.37
"2020-10-22 16:55:00",8298,6.46,43.93,339.28,-2.5,-0.2,62.54,7.69,0.3,6.05,10.44
"2020-10-22 17:55:00",8299,6.47,43.93,339.11,-2.19,-0.16,62.54,7.69,0.31,6.05,10.03
"2020-10-22 18:55:00",8300,6.47,43.93,339.15,-2.6,-0.14,62.61,7.69,0.33,6.05,9.98
"2020-10-22 19:55:00",8301,6.47,43.93,339.18,-2.58,-0.17,62.53,7.68,0.31,6.05,9.89
"2020-10-22 20:55:00",8302,6.47,43.93,339.12,-2.7,-0.12,62.56,7.69,0.32,6.05,9.89
"2020-10-22 21:55:00",8303,6.46,43.93,339.21,-2.63,-0.19,62.5,7.68,0.32,6.05,9.85
"2020-10-22 22:55:00",8304,6.45,43.92,339.24,-2.46,-0.19,62.31,7.66,0.34,6.05,9.75
"2020-10-22 23:55:00",8305,6.45,43.91,339.26,-2.58,-0.14,62.22,7.65,0.29,6.05,9.76
"2020-10-23 00:55:00",8306,6.48,43.9,339.06,-2.32,-0.19,62.58,7.69,0.29,6.05,9.75
"2020-10-23 01:55:00",8307,6.43,43.9,339.45,-2.28,-0.16,61.94,7.62,0.34,6.05,9.78
"2020-10-23 02:55:00",8308,6.43,43.9,339.5,-2.37,-0.18,61.83,7.61,0.32,6.05,9.73
"2020-10-23 03:55:00",8309,6.43,43.9,339.47,-2.43,-0.18,61.83,7.6,0.31,6.05,9.77
"2020-10-23 04:55:00",8310,6.43,43.9,339.47,-2.39,-0.17,61.87,7.61,0.33,6.05,9.68
"2020-10-23 05:55:00",8311,6.43,43.91,339.47,-2.37,-0.17,61.81,7.6,0.34,6.05,9.67
"2020-10-23 06:55:00",8312,6.45,43.9,339.4,-2.34,-0.17,61.91,7.61,0.31,6.05,9.77
"2020-10-23 07:55:00",8313,6.46,43.9,339.34,-2.5,-0.16,62,7.62,0.31,6.05,9.77
"2020-10-23 08:55:00",8314,6.48,43.9,339.17,-2.6,-0.15,62.32,7.66,0.34,6.05,10.5
"2020-10-23 09:55:00",8315,6.48,43.9,339.15,-2.65,-0.18,62.54,7.68,0.33,6.05,10.58
"2020-10-23 10:55:00",8316,6.47,43.89,339.22,-2.46,-0.15,62.23,7.65,0.35,6.05,10.47
"2020-10-23 11:55:00",8317,6.47,43.88,339.25,-2.62,-0.17,62.19,7.64,0.31,6.05,10.58
"2020-10-23 12:55:00",8318,6.46,43.95,339.31,-2.42,-0.17,62.5,7.68,0.34,6.05,10.75
"2020-10-23 13:55:00",8319,6.46,43.94,339.33,-2.59,-0.18,62.19,7.64,0.32,6.05,10.62
"2020-10-23 14:55:00",8320,6.45,43.93,339.38,-2.45,-0.13,61.92,7.61,0.35,6.05,10.74
"2020-10-23 15:55:00",8321,6.45,43.92,339.37,-2.47,-0.16,62.02,7.62,0.31,6.05,10.63
"2020-10-23 16:55:00",8322,6.45,43.91,339.4,-2.54,-0.15,61.92,7.61,0.31,6.05,10.49
"2020-10-23 17:55:00",8323,6.44,43.91,339.45,-2.44,-0.13,61.91,7.61,0.33,6.05,10.28
"2020-10-23 18:55:00",8324,6.47,43.91,339.2,-2.73,-0.19,62.28,7.65,0.33,6.05,10.15
"2020-10-23 19:55:00",8325,6.47,43.91,339.24,-2.65,-0.18,62.2,7.65,0.32,6.05,10.11
"2020-10-23 20:55:00",8326,6.46,43.9,339.27,-2.7,-0.16,62.13,7.64,0.34,6.05,10.13
"2020-10-23 21:55:00",8327,6.46,43.9,339.32,-2.58,-0.17,61.99,7.62,0.3,6.05,10.12
"2020-10-23 22:55:00",8328,6.51,43.9,339.04,-2.72,-0.18,62.47,7.67,0.31,6.05,10.08
"2020-10-23 23:55:00",8329,6.52,43.9,339.01,-2.83,-0.17,62.36,7.65,0.33,6.05,10.06
"2020-10-24 00:55:00",8330,6.51,43.96,339.04,-2.85,-0.18,62.83,7.71,0.32,6.05,10
"2020-10-24 01:55:00",8331,6.47,43.96,339.32,-2.48,-0.2,62.02,7.62,0.31,6.05,10.05
"2020-10-24 02:55:00",8332,6.51,43.96,339.07,-2.81,-0.17,62.38,7.66,0.3,6.05,10.04
"2020-10-24 03:55:00",8333,6.47,43.95,339.23,-2.7,-0.19,62.21,7.64,0.3,6.05,10.04
"2020-10-24 04:55:00",8334,6.5,43.97,339.11,-2.75,-0.18,62.39,7.66,0.3,6.05,9.98
"2020-10-24 05:55:00",8335,6.43,43.98,339.61,-2.34,-0.15,61.52,7.57,0.34,6.05,10.01
"2020-10-24 06:55:00",8336,6.44,43.99,339.52,-2.4,-0.16,61.55,7.57,0.32,6.05,9.96
"2020-10-24 07:55:00",8337,6.44,43.99,339.54,-2.26,-0.18,61.54,7.57,0.32,6.05,9.93
"2020-10-24 08:55:00",8338,6.45,44.01,339.48,-2.27,-0.17,61.73,7.59,0.3,6.05,10.1
"2020-10-24 09:55:00",8339,6.47,44.02,339.43,-2.21,-0.19,61.64,7.58,0.29,6.05,10.17
"2020-10-24 10:55:00",8340,6.48,44.01,339.34,-2.26,-0.15,61.79,7.59,0.32,6.05,10.5
"2020-10-24 11:55:00",8341,6.49,44.02,339.26,-2.31,-0.16,62.02,7.62,0.33,6.05,10.69
"2020-10-24 12:55:00",8342,6.52,44.07,338.91,-2.23,-0.15,62.18,7.63,0.39,6.05,10.67
"2020-10-24 13:55:00",8343,6.55,44.12,338.56,-2.35,-0.21,62.34,7.65,0.38,6.05,10.63
"2020-10-24 14:55:00",8344,6.56,44.1,339.3,-2.22,-0.16,62.26,7.64,0.38,6.05,10.55
"2020-10-24 15:55:00",8345,6.57,44.16,337.69,-2.35,-0.18,62.28,7.63,0.37,6.05,10.54
"2020-10-24 16:55:00",8346,6.58,44.15,338.13,-2.43,-0.18,62.33,7.64,0.37,6.05,10.48
"2020-10-24 17:55:00",8347,6.59,44.14,338.63,-2.54,-0.16,62.45,7.65,0.38,6.05,10.23
"2020-10-24 18:55:00",8348,6.6,44.16,339.18,-2.58,-0.17,62.55,7.66,0.34,6.05,10.11
"2020-10-24 19:55:00",8349,6.62,44.16,338.07,-2.69,-0.19,63.21,7.74,0.34,6.05,10.01
"2020-10-24 20:55:00",8350,6.59,44.15,338.01,-2.55,-0.17,62.67,7.68,0.38,6.05,10.14
"2020-10-24 21:55:00",8351,6.57,44.16,338.05,-2.44,-0.13,62.87,7.71,0.52,6.05,10.13
"2020-10-24 22:55:00",8352,6.61,44.16,337.54,-2.85,-0.18,64.05,7.84,0.43,6.05,10.07
"2020-10-24 23:55:00",8353,6.59,44.15,337.86,-2.71,-0.24,63.34,7.76,0.38,6.05,10.07
"2020-10-25 00:55:00",8354,6.59,44.13,337.84,-2.77,-0.21,63.27,7.75,0.39,6.05,10.04
"2020-10-25 01:55:00",8355,6.55,44.12,337.86,-2.63,-0.15,62.65,7.68,0.34,6.05,10.03
"2020-10-25 02:55:00",8356,6.54,44.14,337.96,-2.59,-0.15,62.58,7.68,0.33,6.05,10.02
"2020-10-25 03:55:00",8357,6.52,44.15,338.75,-2.48,-0.15,62.24,7.64,0.41,6.05,9.98
"2020-10-25 04:55:00",8358,6.54,44.17,338.64,-2.6,-0.18,62.4,7.65,0.42,6.05,9.99
"2020-10-25 05:55:00",8359,6.59,44.18,338.4,-2.58,-0.16,62.66,7.68,0.32,6.05,9.97
"2020-10-25 06:55:00",8360,6.6,44.18,337.97,-2.88,-0.18,62.72,7.68,0.37,6.05,9.95
"2020-10-25 07:55:00",8361,6.63,44.19,337.92,-2.98,-0.09,62.84,7.69,0.4,6.05,9.96
"2020-10-25 08:55:00",8362,6.64,44.2,338.25,-2.81,0.24,62.83,7.69,0.38,6.05,9.98
"2020-10-25 09:55:00",8363,6.64,44.19,338.23,-2.93,-0.15,62.87,7.69,0.39,6.05,11.09
"2020-10-25 10:55:00",8364,6.62,44.19,338,-2.68,-0.14,62.78,7.69,0.29,6.05,11.1
"2022-10-07 08:55:00",17252,5.33,43.9,345.55,-0.2,0.29,54.61,6.91,1.03,5.93,9.95
"2022-10-07 09:55:00",17253,5.32,43.91,345.7,-0.21,0.26,54.13,6.85,1.06,5.93,9.97
"2022-10-07 10:55:00",17254,5.31,43.92,346.05,-0.2,0.3,53.44,6.76,1.07,5.93,10.05
"2022-10-07 11:55:00",17255,5.31,43.93,346.08,-0.18,0.3,53.24,6.74,1.06,5.93,10.57
"2022-10-07 12:55:00",17256,5.31,43.91,346.09,-0.2,0.3,53.61,6.78,1.06,5.92,10.28
"2022-10-07 13:55:00",17257,5.31,43.91,346.1,-0.2,0.28,53.25,6.74,1.06,5.93,10.61
"2022-10-07 14:55:00",17258,5.32,43.91,345.86,-0.15,0.31,53.59,6.78,1.03,5.93,10.82
"2022-10-07 15:55:00",17259,5.32,43.9,345.75,-0.14,0.31,54.17,6.85,1.04,5.93,10.74
"2022-10-07 16:55:00",17260,5.33,43.91,345.68,-0.17,0.27,54.2,6.86,1.05,5.93,10.65
"2022-10-07 17:55:00",17261,5.33,43.92,345.49,-0.14,0.28,54.65,6.91,1.04,5.93,10.33
"2022-10-07 18:55:00",17262,5.35,43.93,345.06,-0.17,0.25,55.77,7.05,1.04,5.93,10.23
"2022-10-07 19:55:00",17263,5.38,43.95,344.01,-0.22,0.26,58.47,7.39,1.03,5.93,10.13
"2022-10-07 20:55:00",17264,5.39,43.96,343.69,-0.19,0.31,59.31,7.49,1.06,5.93,10.13
"2022-10-07 21:55:00",17265,5.4,43.96,342.89,-0.26,0.29,61.19,7.73,1.05,5.93,10.13
"2022-10-07 22:55:00",17266,5.41,43.97,340.19,-0.31,0.27,69.72,8.8,1.06,5.93,10.02
"2022-10-07 23:55:00",17267,5.41,43.97,342.47,-0.25,0.29,62.9,7.94,1.06,5.93,10.06
"2022-10-08 00:55:00",17268,5.43,43.96,342.47,-0.18,0.32,62.6,7.9,1.04,5.93,9.87
"2022-10-08 01:55:00",17269,5.44,43.96,342.08,-0.31,0.27,63.17,7.97,1.05,5.93,9.9
"2022-10-08 02:55:00",17270,5.39,43.96,343.99,-0.18,0.31,58.05,7.33,1.05,5.93,9.91
"2022-10-08 03:55:00",17271,5.35,43.96,344.92,-0.19,0.28,57.13,7.22,1.03,5.93,9.84
"2022-10-08 04:55:00",17272,5.35,43.97,345.03,-0.19,0.26,55.68,7.04,1.06,5.93,9.91
"2022-10-08 05:55:00",17273,5.33,43.97,345.55,-0.21,0.26,54.43,6.88,1.04,5.93,9.9
"2022-10-08 06:55:00",17274,5.34,43.97,345.3,-0.2,0.31,55.21,6.98,1.06,5.93,9.89
"2022-10-08 07:55:00",17275,5.34,43.98,345.23,-0.27,0.29,55.41,7.01,1.04,5.93,9.93
"2022-10-08 08:55:00",17276,5.36,43.98,344.76,-0.23,0.28,56.81,7.18,1.03,5.93,10.32
"2022-10-08 09:55:00",17277,5.36,43.98,344.64,-0.25,0.28,56.74,7.17,1.06,5.93,10.76
"2022-10-08 10:55:00",17278,5.36,43.98,344.78,-0.2,0.24,56.38,7.13,1.05,5.93,10.82
"2022-10-08 11:55:00",17279,5.35,43.98,344.96,-0.17,0.26,56.03,7.08,1.06,5.93,10.91
"2022-10-08 12:55:00",17280,5.34,43.89,345.26,-0.21,0.32,55.56,7.03,1.04,5.93,11.45
"2022-10-08 13:55:00",17281,5.33,43.89,345.52,-0.23,0.26,54.59,6.91,1.06,5.93,10.84
"2022-10-08 14:55:00",17282,5.32,43.88,345.68,-0.22,0.27,54.26,6.87,1.08,5.93,11.52
"2022-10-08 15:55:00",17283,5.33,43.86,345.54,-0.24,0.33,54.38,6.88,1.06,5.93,11.46
"2022-10-08 16:55:00",17284,5.32,43.86,345.71,-0.19,0.33,54.16,6.85,1.06,5.93,11.97
"2022-10-08 17:55:00",17285,5.33,43.86,345.55,-0.24,0.29,54.29,6.87,1.06,5.93,10.49
"2022-10-08 18:55:00",17286,5.33,43.87,345.63,-0.18,0.28,54.39,6.88,1.06,5.93,10.26
"2022-10-08 19:55:00",17287,5.34,43.88,345.37,-0.18,0.3,54.8,6.93,1.04,5.93,10.25
"2022-10-08 20:55:00",17288,5.34,43.88,345.36,-0.18,0.28,54.75,6.92,1.07,5.93,10.21
"2022-10-08 21:55:00",17289,5.35,43.88,345.1,-0.13,0.29,55.38,7,1.06,5.93,10.16
"2022-10-08 22:55:00",17290,5.36,43.88,344.86,-0.14,0.36,56.01,7.08,1.08,5.93,10.17
"2022-10-08 23:55:00",17291,5.36,43.88,344.91,-0.22,0.3,55.89,7.06,1.04,5.93,10.04
"2022-10-09 00:55:00",17292,5.36,43.98,344.83,-0.16,0.27,56.74,7.17,1.04,5.93,10.12
"2022-10-09 01:55:00",17293,5.36,43.98,344.67,-0.21,0.32,56.66,7.16,1.06,5.93,10.04
"2022-10-09 02:55:00",17294,5.41,43.98,343.57,-0.2,0.37,59.14,7.47,1.04,5.93,10.04
"2022-10-09 03:55:00",17295,5.39,43.97,343.6,-0.22,0.31,59.49,7.51,1.08,5.93,9.94
"2022-10-09 04:55:00",17296,5.35,43.96,345.19,-0.23,0.24,55.29,6.99,1.06,5.93,10.05
"2022-10-09 05:55:00",17297,5.35,43.96,345.18,-0.23,0.28,55.4,7,1.03,5.93,9.89
"2022-10-09 06:55:00",17298,5.34,43.95,345.39,-0.2,0.25,54.78,6.93,1.05,5.93,9.95
"2022-10-09 07:55:00",17299,5.33,43.96,345.43,-0.19,0.25,54.62,6.91,1.05,5.93,10.11
"2022-10-09 08:55:00",17300,5.34,43.96,345.36,-0.2,0.25,54.83,6.93,1.03,5.93,10.91
"2022-10-09 09:55:00",17301,5.34,43.96,345.18,-0.19,0.28,55.18,6.98,1.06,5.93,11.4
"2022-10-09 10:55:00",17302,5.34,43.96,345.28,-0.23,0.28,55.41,7.01,1.02,5.93,11.66
"2022-10-09 11:55:00",17303,5.34,43.95,345.36,-0.22,0.27,54.76,6.93,1.02,5.93,11.17
"2022-10-09 12:55:00",17304,5.35,43.91,345.19,-0.23,0.27,55.43,7.01,1.03,5.93,11.24
"2022-10-09 13:55:00",17305,5.34,43.9,345.4,-0.2,0.26,54.69,6.92,1.02,5.93,12.12
"2022-10-09 14:55:00",17306,5.34,43.9,345.26,-0.2,0.27,55,6.96,1.04,5.93,11.57
"2022-10-09 15:55:00",17307,5.35,43.9,344.98,-0.18,0.31,55.67,7.04,1.05,5.93,11.41
"2022-10-09 16:55:00",17308,5.34,43.9,345.4,-0.15,0.28,54.67,6.91,1.04,5.93,10.38
"2022-10-09 17:55:00",17309,5.35,43.91,344.89,-0.14,0.29,56.12,7.1,1.05,5.93,10.28
"2022-10-09 18:55:00",17310,5.38,43.92,344.23,-0.17,0.27,57.49,7.26,1.05,5.93,10.24
"2022-10-09 19:55:00",17311,5.39,43.93,344.07,-0.18,0.23,58,7.33,1.01,5.93,10.17
"2022-10-09 20:55:00",17312,5.39,43.93,344.15,-0.12,0.25,57.79,7.3,1.03,5.93,10.19
"2022-10-09 21:55:00",17313,5.39,43.93,343.96,-0.16,0.27,58.26,7.36,1.05,5.93,10.17
"2022-10-09 22:55:00",17314,5.41,43.93,343.57,-0.15,0.26,59.48,7.51,1.04,5.93,10.1
"2022-10-09 23:55:00",17315,5.41,43.93,343.33,-0.11,0.26,59.94,7.57,1.06,5.93,10.1
"2022-10-10 00:55:00",17316,5.43,43.99,342.87,-0.23,0.25,61.76,7.79,1.02,5.93,10.08
"2022-10-10 01:55:00",17317,5.45,43.99,341.46,-0.19,0.31,65.25,8.23,1.05,5.93,10.04
"2022-10-10 02:55:00",17318,5.46,43.99,340.24,-0.26,0.29,68.72,8.67,1.05,5.93,10.05
"2022-10-10 03:55:00",17319,5.51,43.99,341.29,-0.27,0.27,64.95,8.18,1.04,5.93,9.97
"2022-10-10 04:55:00",17320,5.49,43.99,341.68,-0.21,0.24,64.12,8.08,1.02,5.93,9.99
"2022-10-10 05:55:00",17321,5.41,43.99,343.47,-0.21,0.26,59.46,7.51,1.04,5.93,9.86
"2022-10-10 06:55:00",17322,5.4,43.99,343.48,-0.22,0.27,59.68,7.54,1.05,5.93,9.99
"2022-10-10 07:55:00",17323,5.38,43.99,343.92,-0.21,0.26,58.52,7.39,1.04,5.93,9.89
"2022-10-10 08:55:00",17324,5.38,44,344.11,-0.2,0.27,57.82,7.31,1.03,5.93,10.62
"2022-10-10 09:55:00",17325,5.37,44,344.46,-0.21,0.26,57.03,7.21,1.03,5.93,10.65
"2022-10-10 10:55:00",17326,5.37,44.01,344.64,-0.22,0.27,56.44,7.13,1.06,5.93,11.11
"2022-10-10 11:55:00",17327,5.37,44.01,344.56,-0.18,0.26,56.69,7.16,1.04,5.93,12.12
"2022-10-10 12:55:00",17328,5.39,43.92,344.09,-0.22,0.28,58.21,7.35,1.04,5.93,11.36
"2022-10-10 13:55:00",17329,5.37,43.92,344.54,-0.21,0.28,56.73,7.17,1.04,5.93,11.12
"2022-10-10 14:55:00",17330,5.37,43.91,344.31,-0.23,0.26,57.37,7.25,1.04,5.93,11.95
"2022-10-10 15:55:00",17331,5.38,43.89,343.98,-0.17,0.31,58.3,7.37,1.06,5.93,11.77
"2022-10-10 16:55:00",17332,5.39,43.91,343.98,-0.21,0.25,58.01,7.33,1.02,5.93,12.05
"2022-10-10 17:55:00",17333,5.39,43.92,344.15,-0.19,0.25,57.74,7.29,1.03,5.93,11.42
"2022-10-10 18:55:00",17334,5.39,43.92,343.91,-0.15,0.27,58.58,7.4,1.06,5.93,10.2
"2022-10-10 19:55:00",17335,5.38,43.94,344.17,-0.06,0.3,58.15,7.35,1.05,5.93,10.22
"2022-10-10 20:55:00",17336,5.39,43.94,344.03,-0.06,0.25,58.32,7.37,1.04,5.93,10.05
"2022-10-10 21:55:00",17337,5.4,43.95,343.93,-0.14,0.27,58.63,7.4,1.06,5.93,10.08
"2022-10-10 22:55:00",17338,5.42,43.95,343.47,-0.18,0.23,59.34,7.49,1.04,5.93,10.14
"2022-10-10 23:55:00",17339,5.43,43.95,343.19,-0.16,0.23,60.11,7.59,1.02,5.93,10.12
"2022-10-11 00:55:00",17340,5.44,43.91,342.92,-0.19,0.25,61.34,7.74,1.01,5.93,10.08
"2022-10-11 01:55:00",17341,5.54,43.91,341.63,-0.27,0.3,63.16,7.95,1.05,5.93,10.09
"2022-10-11 02:55:00",17342,5.46,43.91,342,-0.24,0.26,63.36,7.99,1.04,5.93,10.01
"2022-10-11 03:55:00",17343,5.45,43.9,342.46,-0.21,0.25,62.16,7.84,1.03,5.93,10.03
"2022-10-11 04:55:00",17344,5.44,43.9,342.22,-0.22,0.25,62.79,7.92,1.05,5.93,9.99
"2022-10-11 05:55:00",17345,5.45,43.91,342.55,-0.23,0.25,61.95,7.81,1.04,5.93,10
"2022-10-11 06:55:00",17346,5.43,43.9,342.81,-0.23,0.2,61.06,7.7,1.02,5.93,9.82
"2022-10-11 07:55:00",17347,5.4,43.9,343.58,-0.19,0.19,59.18,7.47,1.05,5.93,10.12
"2022-10-11 08:55:00",17348,5.4,43.91,343.54,-0.26,0.18,59.42,7.5,1.02,5.93,10.86
"2022-10-11 09:55:00",17349,5.39,43.91,343.84,-0.22,0.23,58.53,7.39,1.05,5.93,11.31
"2022-10-11 10:55:00",17350,5.39,43.91,343.84,-0.23,0.25,58.33,7.37,1.05,5.93,12.12
"2023-04-11 11:55:00",17351,16.58,0.62,660.4,32.39,0.08,113.9,11.09,0.33,5.81,11.7
